8.1181224916460582e+17
-3.0996467695375853e+17
1.1835014938234416e+17
-4.5188238855076856e+16
1.725369119921116e+16
-6.587773003335172e+15
2.515331510364339e+15
-9.6039930395729262e+14
3.6669791605642094e+14
-1.4001193158517878e+14
5.3459101150704695e+13
-2.0411656802996285e+13
7.7935416884168154e+12
-2.9757159173954634e+12
1.1361824411874041e+12
-4.3381511390787531e+11
1.6563849803759244e+11
-6.3243790159770195e+10
2.4147628970129917e+10
-9.220003788560997e+09
3.5203650829375477e+09
-1.3441393952724621e+09
5.1321686004273975e+08
-1.9595552835157511e+08
7.4819383579659447e+07
-2.8567400976956885e+07
1.0907553125500942e+07
-4.1647020781647745e+06
1.5901589987507146e+06
-6.0715159504600812e+05
2.3182154002444982e+05
-8.8513657700203024e+04
3.3796144410580557e+04
-1.2903962469439984e+04
4.9269868446773417e+03
-1.8811943569528778e+03
7.182924850211017e+02
-2.7423935440472206e+02
1.0472687220146857e+02
-3.9969777006800427e+01
1.5277601292707338e+01
-5.817266675200206
2.2367403353388031
-8.3880714475335116e-01
3.3512633014108006e-01
-1.13455772063219e-01
5.7480476609684139e-02
-8.1152986403643101e-03
1.6611484862481207e-02
6.8608218688170908e-03
1.0282653106093997e-02
8.682403373963643e-03
9.0061069537226146e-03
8.6006422655353632e-03
8.4779523974933824e-03
8.2504715080442548e-03
8.065124130297141e-03
7.8637234981953075e-03
7.6687432000046574e-03
7.4646437617127415e-03
7.2678607239582416e-03
7.0375366319941346e-03
6.8615526929962645e-03
6.5157700992168888e-03
6.5509021556118263e-03
5.5341874961609694e-03
7.0098944417149589e-03
3.0119220762150345e-03
8.698481166212968e-03
-4.2391538590370592e-03
2.4020446825013142e-02
-2.9754967052626591e-02
3.3761059307601871e-02
-4.5138693805163221e-02
1.1736120861605581e-02
2.8944881756611363e-02
-1.2295735271998209e-01
2.9083938837265544e-01
-4.7807302905706028e-01
6.4620107033860652e-01
-5.7871585753842081e-01
5.728826529961375e-01
-2.5063760351104669e-01
3.8442656779499318e-02
1.132891072730402e-06
3.8059146165274615e-03
4.4864430655473519e-03
4.9596001938649881e-03
5.2537613629903834e-03
5.4365288522015831e-03
5.5470416384226784e-03
5.6093891178370381e-03
5.638884255229959e-03
5.6455510399511244e-03
5.6361230166288578e-03
5.6152267538311929e-03
5.5861043587863701e-03
5.5510670286746944e-03
5.5117870271395031e-03
5.4694899683971343e-03
5.4250840727356753e-03
5.3792486794013161e-03
5.3324958856804106e-03
5.2852141307309086e-03
5.2376994433753765e-03
5.1901781307288619e-03
5.142823443793354e-03
5.095767949276464e-03
5.0491128035619059e-03
5.0029347668290036e-03
4.9572915516475913e-03
4.9122259321761064e-03
4.8677689518465961e-03
4.8239400174248104e-03
4.7808760877827705e-03
4.7347713371144184e-03
4.748293980823215e-03
4.3798803156951394e-03
4.6084445595528933e-03
6.5202468007237169e-03
3.0749918481824956e-03
6.8975255384753353e-03
2.6596115676102983e-03
5.5607344400592229e-03
3.7341311598513283e-03
4.344632244247526e-03
4.0886986310888496e-03
3.8940704679699678e-03
4.126406998628207e-03
3.8840370493706811e-03
4.0679784072799041e-03
3.923769550702394e-03
3.9432810844839405e-03
3.8919005433819542e-03
3.8776023272066862e-03
3.8414158073498683e-03
3.8155032375613018e-03
3.7855347403121797e-03
3.7573613254666682e-03
3.7287831530987692e-03
3.7007170977996218e-03
3.6728213812038391e-03
3.6452623697442732e-03
3.6179885690321711e-03
3.5910301020658508e-03
3.5643814494730197e-03
3.5380472446875366e-03
3.5120264611709917e-03
3.4863180567887841e-03
3.460919925192707e-03
3.4358292032976578e-03
3.4110425953939316e-03
3.386556359237014e-03
3.3623664848281276e-03
3.3384687185427087e-03
3.3148586561877469e-03
3.2915317767667762e-03
3.268483482086193e-03
3.2457091328692567e-03
3.2232040664801342e-03
3.2009636225431848e-03
3.1789831549671188e-03
3.1572580469032552e-03
3.1357837195811200e-03
3.1145556415521636e-03
3.0935693341549442e-03
3.0728203771788198e-03
3.0523044123478282e-03
3.0320171463971146e-03
3.0119543531368365e-03
2.9921118749471898e-03
2.9724856237045572e-03
2.9530715812846609e-03
2.9338657996764717e-03
2.9148644008110125e-03
2.8960635761228204e-03
2.8774595859153429e-03
2.8590487585500313e-03
2.8408274895006524e-03
2.8227922402928041e-03
2.8049395373552777e-03
2.7872659707977032e-03
2.7697681931344587e-03
2.7524429179641707e-03
2.7352869186192397e-03
2.718297026790939e-03
2.7014701311449674e-03
2.6848031759227897e-03
2.6682931595491954e-03
2.6519371332347497e-03
2.6357321995926775e-03
2.6196755112604109e-03
2.6037642695377894e-03
2.587995723038361e-03
2.5723671663608894e-03
2.556875938776404e-03
2.5415194229398974e-03
2.5262950436197862e-03
2.5112002664533506e-03
2.4962325967241572e-03
