3.33333333333333333333333333333333333333333333333333333333333333333333333333333333333333333333333333333333333333333333333333333333333333333333333333333333333333333333333333333333333333333333333333333333333333333333333333744109343568467836854368331842535602877246199957425940445467790914307402598199618571e-01
1.99999999999999999999999999999999999999999999999999999999999999999999999999999999999999999999999999999999999999999999999999999999999999999999999999999999999999999999999999999999999999999999999999999999999999999999999999843158250637494098655604818751031860705820150219684809919034658224903684823869374152e-01
1.42857142857142857142857142857142857142857142857142857142857142857142857142857142857142857142857142857142857142857142857142857142857142857142857142857142857142857142857142857142857142857142857142857142857142857142857142917027888717632123370457380892463159650106140642356090344166029769572809913298736962e-01
1.11111111111111111111111111111111111111111111111111111111111111111111111111111111111111111111111111111111111111111111111111111111111111111111111111111111111111111111111111111111111111111111111111111111111111111111111111088245917237106118551481929315806995564557097755955138614464594532992562673015404571e-01
9.09090909090909090909090909090909090909090909090909090909090909090909090909090909090909090909090909090909090909090909090909090909090909090909090909090909090909090909090909090909090909090909090909090909090909090909090909178212558428019062500402330491161167868400600228978633400439692106014822270087776293e-02
7.69230769230769230769230769230769230769230769230769230769230769230769230769230769230769230769230769230769230769230769230769230769230769230769230769230769230769230769230769230769230769230769230769230769230769230769230769197435179534730928838053630201531215148412465757036373258260731403301832986043676074e-02
6.6666666666666666666666666666666666666666666666666666666666666666666666666666666666666666666666666666666666666666666666666666666666666666666666666666666666666666666666666666666666666666666666666666666666666666666666666667939421350165751481661262324706104099334720382839983576505353188036634581517606963e-02
5.88235294117647058823529411764705882352941176470588235294117647058823529411764705882352941176470588235294117647058823529411764705882352941176470588235294117647058823529411764705882352941176470588235294117647058823529411759846273561399216267881597327057975846662916755057781974556868396884507674547370628e-02
5.26315789473684210526315789473684210526315789473684210526315789473684210526315789473684210526315789473684210526315789473684210526315789473684210526315789473684210526315789473684210526315789473684210526315789473684210526317644960677344729302277462726178763259462129896292686056411900758538542750061565947e-02
4.76190476190476190476190476190476190476190476190476190476190476190476190476190476190476190476190476190476190476190476190476190476190476190476190476190476190476190476190476190476190476190476190476190476190476190476190476189767731806084689595635321932893511694953746204577025576521039326159141740613897058e-02
4.34782608695652173913043478260869565217391304347826086956521739130434782608695652173913043478260869565217391304347826086956521739130434782608695652173913043478260869565217391304347826086956521739130434782608695652173913043748763270878335909334497633527614249797263029553171486789037216405505573115104917e-02
3.99999999999999999999999999999999999999999999999999999999999999999999999999999999999999999999999999999999999999999999999999999999999999999999999999999999999999999999999999999999999999999999999999999999999999999999999999999896717264953172929479397346249929097407935967739986123237053699065335223496190904e-02
3.70370370370370370370370370370370370370370370370370370370370370370370370370370370370370370370370370370370370370370370370370370370370370370370370370370370370370370370370370370370370370370370370370370370370370370370370370370409805596479158888205509565438577521745327753008538861636446412138220417392446438e-02
3.44827586206896551724137931034482758620689655172413793103448275862068965517241379310344827586206896551724137931034482758620689655172413793103448275862068965517241379310344827586206896551724137931034482758620689655172413793088391189529622440525642777557027477738191382350942336796703035890733586290449465e-02
3.22580645161290322580645161290322580645161290322580645161290322580645161290322580645161290322580645161290322580645161290322580645161290322580645161290322580645161290322580645161290322580645161290322580645161290322580645161296071649972095418046645565830736720001748679475564738337999954577461322776936799e-02
3.03030303030303030303030303030303030303030303030303030303030303030303030303030303030303030303030303030303030303030303030303030303030303030303030303030303030303030303030303030303030303030303030303030303030303030303030303030300835203832746363353841878774694012780216956147837451165512365913366097520902449e-02
2.8571428571428571428571428571428571428571428571428571428571428571428571428571428571428571428571428571428571428571428571428571428571428571428571428571428571428571428571428571428571428571428571428571428571428571428571428571428655241449880735075722259315733405928620432933305097130659700089769506545690955e-02
2.70270270270270270270270270270270270270270270270270270270270270270270270270270270270270270270270270270270270270270270270270270270270270270270270270270270270270270270270270270270270270270270270270270270270270270270270270270269950257461634736344785280155649271470858099059136477644546242173022205047922221e-02
2.56410256410256410256410256410256410256410256410256410256410256410256410256410256410256410256410256410256410256410256410256410256410256410256410256410256410256410256410256410256410256410256410256410256410256410256410256410256532443119008159573413616272199891680786172563359745546988160937789335798408715e-02
2.43902439024390243902439024390243902439024390243902439024390243902439024390243902439024390243902439024390243902439024390243902439024390243902439024390243902439024390243902439024390243902439024390243902439024390243902439024390197249332046449595592065258918011936319528440439645812579050453921122541268959e-02
2.32558139534883720930232558139534883720930232558139534883720930232558139534883720930232558139534883720930232558139534883720930232558139534883720930232558139534883720930232558139534883720930232558139534883720930232558139534883738743237040625964238590913409792141728371026581658799493302753146921000202499e-02
2.22222222222222222222222222222222222222222222222222222222222222222222222222222222222222222222222222222222222222222222222222222222222222222222222222222222222222222222222222222222222222222222222222222222222222222222222222222222215420893238000131013999137733116040322983758801046606855430490524642935505739e-02
2.12765957446808510638297872340425531914893617021276595744680851063829787234042553191489361702127659574468085106382978723404255319148936170212765957446808510638297872340425531914893617021276595744680851063829787234042553191489364298998726277448364609742507505529128540503649085507477876855748310193120517e-02
2.04081632653061224489795918367346938775510204081632653061224489795918367346938775510204081632653061224489795918367346938775510204081632653061224489795918367346938775510204081632653061224489795918367346938775510204081632653061223498263329262572650237863834948361026889038390165891413731378263921404770751e-02
1.96078431372549019607843137254901960784313725490196078431372549019607843137254901960784313725490196078431372549019607843137254901960784313725490196078431372549019607843137254901960784313725490196078431372549019607843137254901961162898895875655352236655704373243961337544400118433967304574482977857133779e-02
1.88679245283018867924528301886792452830188679245283018867924528301886792452830188679245283018867924528301886792452830188679245283018867924528301886792452830188679245283018867924528301886792452830188679245283018867924528301886792308279487259342651202305261265872847428021028947785295897605353668664208726e-02
1.81818181818181818181818181818181818181818181818181818181818181818181818181818181818181818181818181818181818181818181818181818181818181818181818181818181818181818181818181818181818181818181818181818181818181818181818181818181818237010267814871913966323921842548662365893734067877654690148731973437275346e-02
1.75438596491228070175438596491228070175438596491228070175438596491228070175438596491228070175438596491228070175438596491228070175438596491228070175438596491228070175438596491228070175438596491228070175438596491228070175438596491206996833512587545564895252208017122758826772533009145119869600844980241719e-02
1.69491525423728813559322033898305084745762711864406779661016949152542372881355932203389830508474576271186440677966101694915254237288135593220338983050847457627118644067796610169491525423728813559322033898305084745762711864406779669063134251563970316386352932677090887975707222446751602388528085344502351e-02
1.63934426229508196721311475409836065573770491803278688524590163934426229508196721311475409836065573770491803278688524590163934426229508196721311475409836065573770491803278688524590163934426229508196721311475409836065573770491803275616344825082960860126979226889047624695148800869986369308603887457292619e-02
1.58730158730158730158730158730158730158730158730158730158730158730158730158730158730158730158730158730158730158730158730158730158730158730158730158730158730158730158730158730158730158730158730158730158730158730158730158730158730159903172822280556429423846738936119461822740603423043362231998920720370678e-02
1.53846153846153846153846153846153846153846153846153846153846153846153846153846153846153846153846153846153846153846153846153846153846153846153846153846153846153846153846153846153846153846153846153846153846153846153846153846153846153398275738252785214126740653385623929952093915771138012041118156589152274e-02
1.49253731343283582089552238805970149253731343283582089552238805970149253731343283582089552238805970149253731343283582089552238805970149253731343283582089552238805970149253731343283582089552238805970149253731343283582089552238805970320261736178234122709686611083518553640742078070330231621275283283184544e-02
1.44927536231884057971014492753623188405797101449275362318840579710144927536231884057971014492753623188405797101449275362318840579710144927536231884057971014492753623188405797101449275362318840579710144927536231884057971014492753623123111831619013614398262165268271349750027102630519457701713672345431618e-02
1.40845070422535211267605633802816901408450704225352112676056338028169014084507042253521126760563380281690140845070422535211267605633802816901408450704225352112676056338028169014084507042253521126760563380281690140845070422535211267630564226001104115364247623516848966448021745653258284401045664493245196e-02
1.36986301369863013698630136986301369863013698630136986301369863013698630136986301369863013698630136986301369863013698630136986301369863013698630136986301369863013698630136986301369863013698630136986301369863013698630136986301369863004179741284836176911958981023880100675592633977705339676431792147841399e-02
1.3333333333333333333333333333333333333333333333333333333333333333333333333333333333333333333333333333333333333333333333333333333333333333333333333333333333333333333333333333333333333333333333333333333333333333333333333333333333333333696781816779065358089091496164163191174953745413908343166461990986288e-02
1.29870129870129870129870129870129870129870129870129870129870129870129870129870129870129870129870129870129870129870129870129870129870129870129870129870129870129870129870129870129870129870129870129870129870129870129870129870129870129868742157738531880321056527340422416164271670287403517540364046308675447e-02
1.26582278481012658227848101265822784810126582278481012658227848101265822784810126582278481012658227848101265822784810126582278481012658227848101265822784810126582278481012658227848101265822784810126582278481012658227848101265822784810656436100628344304231652774222739460593600280150269581326690363185282e-02
1.23456790123456790123456790123456790123456790123456790123456790123456790123456790123456790123456790123456790123456790123456790123456790123456790123456790123456790123456790123456790123456790123456790123456790123456790123456790123456789921148967121748343461333860705033735910107902768756854983026591118057e-02
1.20481927710843373493975903614457831325301204819277108433734939759036144578313253012048192771084337349397590361445783132530120481927710843373493975903614457831325301204819277108433734939759036144578313253012048192771084337349397590361523027937676227343374294820733090410471719456578017631934193521275899e-02
1.17647058823529411764705882352941176470588235294117647058823529411764705882352941176470588235294117647058823529411764705882352941176470588235294117647058823529411764705882352941176470588235294117647058823529411764705882352941176470588205800646591272567334395210647276478756267858298477754873091413688952e-02
1.14942528735632183908045977011494252873563218390804597701149425287356321839080459770114942528735632183908045977011494252873563218390804597701149425287356321839080459770114942528735632183908045977011494252873563218390804597701149425287367582982574487249746631931628722335333136370230947867445809245899304e-02
1.12359550561797752808988764044943820224719101123595505617977528089887640449438202247191011235955056179775280898876404494382022471910112359550561797752808988764044943820224719101123595505617977528089887640449438202247191011235955056179770981189542321274879799367375618668756644505374773371170442027934806e-02
1.09890109890109890109890109890109890109890109890109890109890109890109890109890109890109890109890109890109890109890109890109890109890109890109890109890109890109890109890109890109890109890109890109890109890109890109890109890109890109890111531817090396210276893862470924882944281768751202229680375592388855e-02
1.07526881720430107526881720430107526881720430107526881720430107526881720430107526881720430107526881720430107526881720430107526881720430107526881720430107526881720430107526881720430107526881720430107526881720430107526881720430107526881719803273868590579996058092901195729243838554171986791620989324654388e-02
1.05263157894736842105263157894736842105263157894736842105263157894736842105263157894736842105263157894736842105263157894736842105263157894736842105263157894736842105263157894736842105263157894736842105263157894736842105263157894736842105502494382448004809724182437189478679507085529875468578653558418481e-02
1.03092783505154639175257731958762886597938144329896907216494845360824742268041237113402061855670103092783505154639175257731958762886597938144329896907216494845360824742268041237113402061855670103092783505154639175257731958762886597938144238513884635869078686200794888327221799091383667494621527947666881e-02
1.01010101010101010101010101010101010101010101010101010101010101010101010101010101010101010101010101010101010101010101010101010101010101010101010101010101010101010101010101010101010101010101010101010101010101010101010101010101010101010101044992709631794477811907927857770734486632558014226581659162844989e-02
9.90099009900990099009900990099009900990099009900990099009900990099009900990099009900990099009900990099009900990099009900990099009900990099009900990099009900990099009900990099009900990099009900990099009900990099009900990099009900990099009767767246255996937187779653905474447885043134888410873006391663731e-03
9.7087378640776699029126213592233009708737864077669902912621359223300970873786407766990291262135922330097087378640776699029126213592233009708737864077669902912621359223300970873786407766990291262135922330097087378640776699029126213592233014795428605590363188202686271963576754882431746004959753122515106e-03
9.52380952380952380952380952380952380952380952380952380952380952380952380952380952380952380952380952380952380952380952380952380952380952380952380952380952380952380952380952380952380952380952380952380952380952380952380952380952380952380952361530470848423326697568978949222551275208132014453771522122907724e-03
9.34579439252336448598130841121495327102803738317757009345794392523364485981308411214953271028037383177570093457943925233644859813084112149532710280373831775700934579439252336448598130841121495327102803738317757009345794392523364485981308418630591674357242972068979575548519261555057462123428724705186822e-03
9.17431192660550458715596330275229357798165137614678899082568807339449541284403669724770642201834862385321100917431192660550458715596330275229357798165137614678899082568807339449541284403669724770642201834862385321100917431192660550458715593498849657177486279287955358860123236384069072318934141934558476e-03
9.00900900900900900900900900900900900900900900900900900900900900900900900900900900900900900900900900900900900900900900900900900900900900900900900900900900900900900900900900900900900900900900900900900900900900900900900900900900900900900900901981990664824223055768787281536676050335326522009949221846242955e-03
8.8495575221238938053097345132743362831858407079646017699115044247787610619469026548672566371681415929203539823008849557522123893805309734513274336283185840707964601769911504424778761061946902654867256637168141592920353982300884955752212389339253000646975464023976580316526603265504793097129229724225153e-03
8.69565217391304347826086956521739130434782608695652173913043478260869565217391304347826086956521739130434782608695652173913043478260869565217391304347826086956521739130434782608695652173913043478260869565217391304347826086956521739130434782766302457426824093752418725242254797345979413992078211050187103e-03
8.54700854700854700854700854700854700854700854700854700854700854700854700854700854700854700854700854700854700854700854700854700854700854700854700854700854700854700854700854700854700854700854700854700854700854700854700854700854700854700854700794523710876947090795393299820899825013978384912066084593949904e-03
8.40336134453781512605042016806722689075630252100840336134453781512605042016806722689075630252100840336134453781512605042016806722689075630252100840336134453781512605042016806722689075630252100840336134453781512605042016806722689075630252100863312862095568737512576187285711069317391746896109394058000185e-03
8.26446280991735537190082644628099173553719008264462809917355371900826446280991735537190082644628099173553719008264462809917355371900826446280991735537190082644628099173553719008264462809917355371900826446280991735537190082644628099173553718999491530437530744551913105628055401299637188916299692837998997e-03
8.13008130081300813008130081300813008130081300813008130081300813008130081300813008130081300813008130081300813008130081300813008130081300813008130081300813008130081300813008130081300813008130081300813008130081300813008130081300813008130081300816357795168872090667574307434505584537157757345547575639256426e-03
7.99999999999999999999999999999999999999999999999999999999999999999999999999999999999999999999999999999999999999999999999999999999999999999999999999999999999999999999999999999999999999999999999999999999999999999999999999999999999999999999999998721036966497117937340280988171308992137977497665671752065749e-03
7.87401574803149606299212598425196850393700787401574803149606299212598425196850393700787401574803149606299212598425196850393700787401574803149606299212598425196850393700787401574803149606299212598425196850393700787401574803149606299212598425197338725040786286704125243215109683019748705333554014026872856e-03
7.75193798449612403100775193798449612403100775193798449612403100775193798449612403100775193798449612403100775193798449612403100775193798449612403100775193798449612403100775193798449612403100775193798449612403100775193798449612403100775193798449425949316346923785107456648269316050990295091682210617223529e-03
7.63358778625954198473282442748091603053435114503816793893129770992366412213740458015267175572519083969465648854961832061068702290076335877862595419847328244274809160305343511450381679389312977099236641221374045801526717557251908396946564885496254397551769585986478874758352125896666477155407174241719306e-03
7.51879699248120300751879699248120300751879699248120300751879699248120300751879699248120300751879699248120300751879699248120300751879699248120300751879699248120300751879699248120300751879699248120300751879699248120300751879699248120300751879699220938112636191929625542612059877514158245065301709600178854e-03
7.40740740740740740740740740740740740740740740740740740740740740740740740740740740740740740740740740740740740740740740740740740740740740740740740740740740740740740740740740740740740740740740740740740740740740740740740740740740740740740740740740751119394322585823765173803506028045741261270170530402885474e-03
7.29927007299270072992700729927007299270072992700729927007299270072992700729927007299270072992700729927007299270072992700729927007299270072992700729927007299270072992700729927007299270072992700729927007299270072992700729927007299270072992700729923044540568408312456145819835438230561775682919565072865741e-03
7.19424460431654676258992805755395683453237410071942446043165467625899280575539568345323741007194244604316546762589928057553956834532374100719424460431654676258992805755395683453237410071942446043165467625899280575539568345323741007194244604316548275643190185077902966983165080504717165729700637026431402e-03
7.09219858156028368794326241134751773049645390070921985815602836879432624113475177304964539007092198581560283687943262411347517730496453900709219858156028368794326241134751773049645390070921985815602836879432624113475177304964539007092198581560283110231957659263501631885924731863323525492013044014405521e-03
6.99300699300699300699300699300699300699300699300699300699300699300699300699300699300699300699300699300699300699300699300699300699300699300699300699300699300699300699300699300699300699300699300699300699300699300699300699300699300699300699300699300919881321114250758961098443347033837403719107073438532162e-03
6.89655172413793103448275862068965517241379310344827586206896551724137931034482758620689655172413793103448275862068965517241379310344827586206896551724137931034482758620689655172413793103448275862068965517241379310344827586206896551724137931034482674398940592825243662576982029231329776847070220044122892e-03
6.80272108843537414965986394557823129251700680272108843537414965986394557823129251700680272108843537414965986394557823129251700680272108843537414965986394557823129251700680272108843537414965986394557823129251700680272108843537414965986394557823129283858019547792932602572222384338690894519728458889742606e-03
6.71140939597315436241610738255033557046979865771812080536912751677852348993288590604026845637583892617449664429530201342281879194630872483221476510067114093959731543624161073825503355704697986577181208053691275167785234899328859060402684563758389249466655236281970846236547568288265463219009840012835096e-03
6.6225165562913907284768211920529801324503311258278145695364238410596026490066225165562913907284768211920529801324503311258278145695364238410596026490066225165562913907284768211920529801324503311258278145695364238410596026490066225165562913907284768680723483371264471440049835121372402771224686478239886e-03
6.5359477124183006535947712418300653594771241830065359477124183006535947712418300653594771241830065359477124183006535947712418300653594771241830065359477124183006535947712418300653594771241830065359477124183006535947712418300653594771241830065359476945180380818105531869772565789021867345877525685115864e-03
6.45161290322580645161290322580645161290322580645161290322580645161290322580645161290322580645161290322580645161290322580645161290322580645161290322580645161290322580645161290322580645161290322580645161290322580645161290322580645161290322580645161291005995406027423126293407479618620960267617574771734285e-03
6.36942675159235668789808917197452229299363057324840764331210191082802547770700636942675159235668789808917197452229299363057324840764331210191082802547770700636942675159235668789808917197452229299363057324840764331210191082802547770700636942675159235407801407822028481198009881084016811524075584067193904e-03
6.28930817610062893081761006289308176100628930817610062893081761006289308176100628930817610062893081761006289308176100628930817610062893081761006289308176100628930817610062893081761006289308176100628930817610062893081761006289308176100628930817610062992685229407692689571455205281393750062512393120760538e-03
6.21118012422360248447204968944099378881987577639751552795031055900621118012422360248447204968944099378881987577639751552795031055900621118012422360248447204968944099378881987577639751552795031055900621118012422360248447204968944099378881987577639751514719615498894714991739874148296623857769618451801702e-03
6.13496932515337423312883435582822085889570552147239263803680981595092024539877300613496932515337423312883435582822085889570552147239263803680981595092024539877300613496932515337423312883435582822085889570552147239263803680981595092024539877300613496947009837985148976220757866979083281751987317587722071e-03
6.06060606060606060606060606060606060606060606060606060606060606060606060606060606060606060606060606060606060606060606060606060606060606060606060606060606060606060606060606060606060606060606060606060606060606060606060606060606060606060606060606060606055030139964950566176529542646755379260249502889107178e-03
5.98802395209580838323353293413173652694610778443113772455089820359281437125748502994011976047904191616766467065868263473053892215568862275449101796407185628742514970059880239520958083832335329341317365269461077844311377245508982035928143712574850299403286699673871149511208123976413896235950700798587217e-03
5.91715976331360946745562130177514792899408284023668639053254437869822485207100591715976331360946745562130177514792899408284023668639053254437869822485207100591715976331360946745562130177514792899408284023668639053254437869822485207100591715976331360945909878942642312915178374156369697935023296117568473e-03
5.84795321637426900584795321637426900584795321637426900584795321637426900584795321637426900584795321637426900584795321637426900584795321637426900584795321637426900584795321637426900584795321637426900584795321637426900584795321637426900584795321637426900867742523851329927750829456606972086107881198075674e-03
5.78034682080924855491329479768786127167630057803468208092485549132947976878612716763005780346820809248554913294797687861271676300578034682080924855491329479768786127167630057803468208092485549132947976878612716763005780346820809248554913294797687861271534117146295744362756207074451524566655434015002067e-03
5.71428571428571428571428571428571428571428571428571428571428571428571428571428571428571428571428571428571428571428571428571428571428571428571428571428571428571428571428571428571428571428571428571428571428571428571428571428571428571428571428571428571428593534720142826996014594812548912123391338993539357e-03
5.64971751412429378531073446327683615819209039548022598870056497175141242937853107344632768361581920903954802259887005649717514124293785310734463276836158192090395480225988700564971751412429378531073446327683615819209039548022598870056497175141242937853068812989806976928653863003091897862890814086119694e-03
5.58659217877094972067039106145251396648044692737430167597765363128491620111731843575418994413407821229050279329608938547486033519553072625698324022346368715083798882681564245810055865921787709497206703910614525139664804469273743016759776536312849162011159876251585353301745296736874755673075192701520313e-03
5.52486187845303867403314917127071823204419889502762430939226519337016574585635359116022099447513812154696132596685082872928176795580110497237569060773480662983425414364640883977900552486187845303867403314917127071823204419889502762430939226519337016574564881560706512258200886923510724432340186672087832e-03
5.46448087431693989071038251366120218579234972677595628415300546448087431693989071038251366120218579234972677595628415300546448087431693989071038251366120218579234972677595628415300546448087431693989071038251366120218579234972677595628415300546448087431678049887237989966843762822269455803189543397241411e-03
5.40540540540540540540540540540540540540540540540540540540540540540540540540540540540540540540540540540540540540540540540540540540540540540540540540540540540540540540540540540540540540540540540540540540540540540540540540540540540540540540540540540540540524821551737539967074636426717797821485312273030283e-03
5.34759358288770053475935828877005347593582887700534759358288770053475935828877005347593582887700534759358288770053475935828877005347593582887700534759358288770053475935828877005347593582887700534759358288770053475935828877005347593582887700534759358288756349578457914762162558305816822020958106946082071e-03
5.29100529100529100529100529100529100529100529100529100529100529100529100529100529100529100529100529100529100529100529100529100529100529100529100529100529100529100529100529100529100529100529100529100529100529100529100529100529100529100529100529100529100516715767675013044862957015495633746400449879924464e-03
5.23560209424083769633507853403141361256544502617801047120418848167539267015706806282722513089005235602094240837696335078534031413612565445026178010471204188481675392670157068062827225130890052356020942408376963350785340314136125654450261780104712041884805977490522080444456136479078386869441906036243785e-03
5.18134715025906735751295336787564766839378238341968911917098445595854922279792746113989637305699481865284974093264248704663212435233160621761658031088082901554404145077720207253886010362694300518134715025906735751295336787564766839378238341968911917098436378757436860100797720681737463717126339315974865e-03
5.12820512820512820512820512820512820512820512820512820512820512820512820512820512820512820512820512820512820512820512820512820512820512820512820512820512820512820512820512820512820512820512820512820512820512820512820512820512820512820512820512820512820505265657939803680659232688394512815914661044633641e-03
5.07614213197969543147208121827411167512690355329949238578680203045685279187817258883248730964467005076142131979695431472081218274111675126903553299492385786802030456852791878172588832487309644670050761421319796954314720812182741116751269035532994923857862199289222835615071598009815441932771974923087293e-03
5.02512562814070351758793969849246231155778894472361809045226130653266331658291457286432160804020100502512562814070351758793969849246231155778894472361809045226130653266331658291457286432160804020100502512562814070351758793969849246231155778894472361809041282832392725088072220148220992447847390060453474e-03
4.97512437810945273631840796019900497512437810945273631840796019900497512437810945273631840796019900497512437810945273631840796019900497512437810945273631840796019900497512437810945273631840796019900497512437810945273631840796019900497512437810945273631838863467594426267110874732852648653931928203442768e-03
