4.10776010235134503521034998509202269543912866624092607112134457580974069264866285175325492499136367321583581730007975175561718551327712396554691283527081424949019036945082665918390014829335128749465403662729374320971630592781560526682041988455446530288824469132815361371757585190750355481357744385268944e-220
-1.56841749362505901344395181248968139294179849780315190080965341775096315176130625922988445464087072567963815125011126358730261704018894530416550971354265409457406358795428537243210197532875893929500867216403099035647285723278036771729129663808291134911112743743469508517619628202030773246270737487809141e-220
5.98850315747749805133145237496060167929632834994989474870231726267156670561558798461492779018282871829120887126499640171632973523913895630712941082069433209239018838265919920170084470902386797866212565762951799725466952967653318011351538969903516543564296416371703924151000938102654947733558192672073301e-221
-2.28651938740049925596291817953041155465540133551559724966465165781185484380957065612628100648555576963075463877067121009168725421407924520981542183936891917090142212076280578199076050349435486894541165853852404111184487815658104676779684710679739234641315500017028267904226099833434154482872585411684125e-221
8.73034675189281534094932395820702587774915093198877243095306011969239131791786864017902228605425377845801299248364817074389520652202279848903656248883422555189304789873452197477065895995403112307782671970786052722676322535787044137918571512128526452290097898168708502765826461388583399008672220587088291e-222
-3.33340512344998403927156005676995540823567650121943959725084993659289362447255544799911437317185409238439511699879679522742350066185180991142015450298783663521422363762347121005936858200718377488977674098849377322442952820931001869081622006861516747126576961737998596129337366614044948963374978881850763e-222
1.27275468349908481499459565803943743266805371617331690983868652136996791485094039588677726473981740852354233435940705862667764610788115463402040056097845388496609121124246591505010862002021553200696697424160966080597421706174430021883360712351449708620777797214776658746532989968548468362245199677043872e-222
-4.85960879154196020270663796705967121216061265670692390779607277958608056074674696378489237862500534691449166069759969108899892696653902640582062166294949436876185678811226046680383109965340322703256162289898159464057329714308173376122536733649976905540167594811283246673998613285631623459168347522983436e-223
1.85548699313420298648798904196823694367265621208215974062242707432801643427209216461307771842020833649018110472713396096958697490342317459067352076151487980178727295565226793078288677252625859882445179694673177730143271353411594888315206045826193861881588902576597128859796829175445210717574502299266109e-223
-7.08458670105786594840868543296964495522444271613450613955151150031334449862293640158187889277181943268648994416520426278331669171115864286848653076819886661695032019911963025667864024780452109842812234015085946061988449966949926071306073285192293573173567673062938461536952088099436279602966784567112466e-224
2.70502401313118518030149807440657728058132594770562791136863303362027312245538320302481310454585034680413066524353089528149874113153835360963351339402715706917209706142102968848219305752446607610486595482001535102103868460056881912630432857971764085041987298726849427661273209660252932623076711385247457e-224
-1.03282735046827070520602653750070902592064032260013876762946300934664776503809991836524734410066831725243024559907543586918909435674239109995329357842491465735809957305276779672345032317842188864082356523242333260417828745343495950412739950189945213526108570597901273880410791829018363418699577486324939e-224
3.94352261087885178351391950682071513749573826381684912660760417678500470220759981249607954991842609583475405130407018534854796536217466118850077246451739732109792212810795143757581368036737103902847428838603086759093362679055671609471262330248780288743268859304690847625226718757465796847785633826861344e-225
-1.50570863324465249915986017533173498480155142007818011343314468678871033647222088259856355040208558021281168266175131938650516379463985977064057917391257820601015514661496342494218499572285122381895091741457930236721534812937680949779276252634810556574060551196715775167287640680759326584124832597190571e-225
5.74906932693412772406492066944639742110351818524215769283866425488067761564743939352490055437729978583809291164939503087720610919262907988396116710300977576621243431691344806491761489690661764743638707150366181829172016298269266277147671778012693975393731169007532348602964976869640526007868259431275282e-226
-2.19509919755666694918842425560901752281334688246557913751793711693693278212782604863794443713947494079501820757702163233459595541422990088650098357872254350708204834204791565849734217021690264466856988015256708544138854930347404935196851068478927342218246330373370695073485618555909295792903338934686996e-226
8.3812878452163647150830744304834500049004361876525702088271518340935117119569141751035091180252823002908188451665584619421753379570478218586403959146389055217386189181680307151023466636839931558016699617290597737970177513497452746929361162743410511446452754282969380091810274497811506281960638425622055e-227
-3.2001280863553392548499011462099879941217121113379262572402809724806522234774704941229764447554635116748906577318686029700643208666167720120194792334286725515086404749259869398258095906241880220579601061102125597193526888340433475652180875222595667361812446528114609434362285496992567002803420722674787e-227
1.22186708751749317003359861943481424375916153103335290577904527532925541996975266072411508725283926911544009417018488419529048524651448569665941317540052931794360430398739135885852283033300013520579185593153373261687706651960850359096137684605724587875072791332733585400769763664424346662377960095513448e-227
-4.66531069779406483103737654722319661194959498042566264453397899813164831203287577703672244564164989024454247643512998758194788877594237344276207654824352622411410066835303450768242675592068411536118686253824723785492434611319745314112736810682890837225006554268471143488623138923927302498790436062365106e-228
1.78130044824864293548699831772340021934873056514262413537678694259907676438823931523697734385907287906452153523175339636825370521159781490009449425993567101546264523918449094700701163516885255348768902919670714998695310343387202551978005183344286606221596565666977162115288639378284220034720880725693254e-228
-6.80132898422209120822308448910618189923846342117561536679173169757928671708464400176364137142771993858061591017238208668919164287462107903837138677270938110343121171764837276851085025204616499023725158664170773894055037908499451212335965687740084428742925231465989848068561551749024497727405877071327137e-229
2.59687106670298027950335952878212487322135471291529471191940893979955482224781386656261799296881739717326011627753887457478139059700089682230014289920059291646682154175224129972243771368284817586903523692341520170241969088179617307812663362832385049069117187640944293486455353653329669725572981594111661e-229
-9.91532589104774288537646369133271626172186099630026953615560511588799311643073250303065829686635995454456547001019400977165956364488422682381580279264393125977767369340232148142231434212101560276424135879937083412727319369900584512991707839369880150847644806900380837409840654877493591630026339758127216e-230
3.78585170385459273805283155353636118200289498157649653579084286899425760315191024331242243271431203969408296347181684275116567243698994197145599250937242500697634295200657185013452598705299711035509185050501771921862056254498806435079898703421225438543669547115256315395586078271417444092621667192993145e-230
-1.44550701419902631816562663262429039364431801240893949385413514255864093830095832176641648603959628944216646036958524972103241097589009414355006507816991815595398302367959064540902515151112800346537973262062575631387089531621985838874528840785352799659050976261001840207028544227138421951933431075589076e-230
5.51920859966900957845057400243668441840755522496958365083305501552554562475926484513118075757132773854010719073181226635020032914158462225878877418771862934473601168255647178636715181799247262679611085488739644669387518052218315539532590718891724325160591734526600479037509780621329894613673718726592857e-231
-2.10733419260089456631749232305793684692434029055873461082005745936162495420172841471978535313523723490616330486062779481252509887425690289992231440788418877767621871234332607119163554605720605056697822139110049295416552398295651030695347028577427201825604450843876859998784313249938578869710094266346781e-231
8.04618509902159743503042072928726037950113095126031092442242639042924782863458789246774832570508501715727204976278824416295636886685524639579473335728750748484912262923114999658152292046127230558147505313138220055972860387618792048494790782436192414047021788435888989527305164602481347442562201900749576e-232
-3.07217976508097356610252896983226385071468726470378412249467480106729827963617077499671773403187075862427004326332939192482797408964329880118288115714092278082512168220457674066429733007739836316004568305261253648126733213046394891111524301526680638199353817698296065326845863450158353210902932360550689e-232
1.17301409212182627069368800877738930309258187326431320350184019056164075595903715852440045778408184178260131057641118666533164128162620548016598861727699064966787235985424465933414458280799949765108085371357808063466398796946939251635844629624268452890702020240351356963912472557444746619478542367456496e-232
-4.4787810790106093971941319276822222389405993038270814180503568956469458346340818271444633808560883729853334352405152461645045584880783894865239426404972321069739442206665526154437135582305941454892702285135580966543967656228911594329234336234978698934795928715236305502195220391934674254317717194405591e-233
1.71008004834950540620134372277548404387010734786748142069036477313036487733264483770479388463251953362419062196929162477731903024026861300866317357198070680380010531359466062773404010067338061540227447197336553790671814089450761572192767823352327371385857931466390370267125738323173901255307388320633748e-233
-6.52939654824356609640566753114387951775091292535385133127790812777569363038795397386288354590157455073908603333600117461913485121175643180019662220533908733557729068489064599533085792122238508978477987356728759921434227644070355929356353638087712966817189149760398981179420346600560125725983005602606819e-234
2.49304231842027069135433981647362903916837174842441998940034109721171998324077416213840884506677247471891349901033105498157108972455388156413404144070099144812094474713730901507389513203194779191502828499535737506386983812932753643477068039668787997441418147491541279937352548891989650827240690620222515e-234
-9.51888885215012445790403267475003631070873588530835895370519415352937138258307848507672055940953104575774508897395566994400444309541596951943242726733928946960928494937591757964713106831613255419658266236395717224351998280858519904963950307176235579040730238666170753853846476226013976121840373998032645e-235
3.63448483445732024755758162830829857841620412080575009833128657652862616022941855792171380698102069432403741023228914350534633240192651445107877338071878830905198052688780365589880349286335550349946081318374704737840085838277424226426485134666851791390330173395380474404561359928345043276866250987430384e-235
-1.38771239133824954907334278944771370585819984246661232976582382119533709259570936234909271421228741897128954149072841701044439771235676050933855708906117994272113366760512885318064803999786646236443905872505204346030642459677255872188651770960638182738683793123225968584364593733669104028268284613284201e-235
5.29853822147331646003804672956916675783473697871788568668462515085551958313306824524448398876233378779183979838551454307845937743498309482721253925322683129522717256828768921114452882791131930212934001213163432756766486201940625687618220818958586257330273050786120838506034214077543202932138293241986073e-236
-2.02307823001708446662122929418423054213348887354699935140430199004489395863892232362979269022679714927317038309198322520835027433961966353404775559533224512849203579676215624316599115713835832884561616847217630387709941870209000746332470821623997844618041572044657675380185387675186520971043564966800172e-236
7.72448051461068614465839773595964345681049987466923307293742441670831821056037905221983253385278123991106808397630551670344357726698482810916249960215497551832073757961582471623010337716275047225064501052215919126843496615083066871194182120354311294349356179773385448789786540796114284250966591659329497e-237
-2.94934710557862561950165540586058741849086122897575392445556451345666234516919925747756478324179760601823734215812542016960434558715986829809335057026402825827750590407074900375971879620665149081468465762966343638732955030536899146386478956686707982873912897192845104260802044071242728603384545052248637e-237
1.12611434940274796316894028930901514250903932194536145722460275090574136861269633736900550290974148849552934464026742935796371072198273976805525696742702533617735804627189103808213782519428454414268800724823154202814423663613676427768631025117194356194840174596264297001852833544277105649183839582863994e-237
-4.29970933408321950222310453449369079391729237803561759360291588494693908638383937102991473655897987310324894601017177908424008847233568654886532185053973904274110753760328459728894613641884838861404480853769541138982497434752962438125679693429134789876394346097160315624788826460182300366803696408581478e-238
1.64170720028632016700375258081499283439165886109233957048548249890888879559826771119196244760020707114268778098663845443043950203542741593721875465527070941600130996662707412549549147566900996584737299397716433194060870813314019589164402229524863886480956897871358518321532241508399002973140564586021413e-238
-6.26833658291140434049433980524700863688327548443315905892395774776632204416923324626372783472107258449085217971672390184069358812274451262053065377774610027665482918312569912563841390254468497769274246078021197941685160241695152933992380965608735423174334188298715940654571901651634281333729490379701759e-239
2.39336487711162704461024542452636574243927635138626473390400524097337517341236916298979204202251578464254557837327110266024337424789623388596501866166384409733075946741166959893852267439987788036264410301579366809251783727222966900165529056263614306075872089616023113623411721108001721090234148647699998e-239
-9.13830225806257666746239473797140153143106781881754815648358379277669541244800551998621540051984696152225435430446227717411063861165927664915689441337493760199309013894116038061623038939585738097030154664619323266623172152030761379189323300227198734383740817483578292959024373203576683699038130767656516e-240
3.48916995307843768018069177567606334765315479132164806490618352084323002352153211795724583817882412163308772906994500105473883512726255631716329228794891203804748934674931796199766674178313034450066984659842544502942639230912926989084347582375459895625512673827182204514724400290106828632205950153546224e-240
-1.33222852753904052911230247084624562015946964121490117092618237166596217914410349073540473089361360011067737864795163038201881810565342919157455538672871651776717165029667407723808121630273627200024194290523256484530355991334571316865653610244545096389703217030828879094184852450376839142060185324263789e-240
5.08669074151269328529006491274027578400864533823796946186037900242417490881451816636762375886152902381916609417228345147258147315401277483381841239414712194599521189456646262560764725311313133913408330345031538810686842256110646633488408116160578392133655138931964202851915102456712357161231182168348032e-241
-1.94219101039576256833834020031584011057442489379271808588294624735565564903669119558154980172606228272877091001255188696007104035872580045659758328198712823865249425401416301053173385053628840336877915051791671235377819734487567180548182875173166316812104183201575855681120268713532600111352480527055558e-241
7.41563840332920558889140948209057533632141260231034461255564033060871659470328920811154273807380766850227317732233957591117083164333604139486625794923119312636486470513599066899144579782836244330146945626172549258277506281524340149834494070250348764353756370688042628048068015167019877389030126686193827e-242
-2.83142557218031188584965932003895933242327037722235026173516064387530339163387570088285092068713491287125752008420869085498520975564566835723430635125916846858256666818391017877418017060518758455146699220418417261714474684382468546625845644585397490879383380187378094584481841597056281793872327366068682e-242
1.08108976392332215486788638063577514943442562110904832094533684166596937581935231084148573736957411853107538280442733029981779837421602669005240094893831886190762489675537171026510728354473451557452473168436833026769861146085873540285142469643823229383119092040224167140206092848925744949346801897771077e-242
-4.1277972804351969604342003754269856911486357345348646381969132543770608098138925369109157765396475515421839936270925332969866722209194304311426344554045742025490578329681653775447309100522331712602565031432873021853319535396782569883037283105476604458436259045346774572430705496562542943874089781210597e-243
1.57606805252911050274157855677037406041631587905121689311053908611006342055244548198116941538559235253424329101113802375875579966869706023106489358446856976266528314222452664319011041939140030521628325807090140426639166687716407548777791688553610986926168115799321632938965411636286966911423191735624947e-243
-6.01771438239076100593075548799548758407224697887886162607590066590805310772976103990041145463116365684470972829909357453080317593070491434663042990313298667497873266615548529747821782151118270585972241587623224792935857386854616789118876583133576375199636840017973585941003704164964739533561270078329956e-244
2.29767276417872249075341704789883802417614947952690579235344831782711953812051153390221793064651162268249646916579837306552850166975220129556039823212383825559474525075375936548236427415071388444057991939321950684679119499125413516791795579363535178918860020063444628240745392281820751032939581812203322e-244
-8.77293237238661081998772081822559043590000116634493526117023717716494959589965515019678020835373204324054675762434426188073331473409804532103151324007032584974147326486292370284894969724114539154288366789929465883435152357106139695024056269313372436138405179440640064554861583724348805815235811804393838e-245
3.34966508757127765944422613369257640707645653253944555796502170533705130624517995511062919303398536414281683803811537100250096707335310499679500655522875374177807880885896863760192794271695198489261978422006944285748286437528421612323785338547023387623353841373165601955546163112740192787160804743023015e-245
-1.27896303350288206265971901182869100786202250233432824792484350739315111188660251724737799603018852654360015097152519816745440660036401611798405746434760765887254323132855193477635090324652847815237743896805539387516039500903807225384838752295019188623732106565827928704984101280112341287791780578239652e-245
4.88331339998885129322093608810470421323508483160313239475984375991516278400736800980890248741317488330831094270822624680233066122725366144987752908674973245613232915998257729677897409471141290579541490909435690413349971749192082625899103943386996903204632251959147540038016785156731753735344580725937325e-246
-1.86453784428270013342155754831459142808154520720890157974972230368367274111718860878730342562177805618686917497041983514314234705984683352331124725180547040193440701442452638528817490097361442180729692073523200616120935980975564316537882628970615549725302767372124956020811727509058418322954237047857347e-246
7.11914448993569788452869720925839119336527279262582111970662746627009898707477936272396937607905743150197386486026467108234093590176623630758110743037063756462080822497649909091344729936434368902769863299856838292433126730662652630396030350663127121740735660509057614850921190947492223341436561166625496e-247
-2.71821881156877696225776886920021850898752354501700990720726598073924019076960620326911181377707989845915577286027862505822440931488402591507998731300977005927397200161910348352206823327677113632868784747680761152222082562769027858112047260494841554078177853053227389624905674340105243055371847312292832e-247
1.03786535818450830244330627652873050005205294297896621520606835071159289091036147776550680135480151220643758415549377416812001010226483222494382950197289530964691146820808806412213001802420614051603183976701068993991714419692897875669001427919091187448995330707185781312730253988067791718590433014771947e-247
-3.9627587016646802445841071718610395112170178103619344297140729429655022996253442251547641492504332360390479394359129902443694094317985687127083411923824227758065028799389708189534910406856120992427365906489326984749774161026878544185389948464435040797534134036298944851571429941116733488970523107532136e-248
1.51305326212752394613245079097978529270529804596076744960724467197878214202108711003456298188724234571028341193335123769488640722821634496955243064813466759226993495123693412856606467151223299160470546316696319516838459512860635560051534589891450611829958202514790973650512605622861188457681512854105742e-248
-5.7771130475208401609861052916884589633266401532477992204343990110362406800084063200075164997705095546447415148910073829619598529345358403435046759791711998890148863647205966891962329613431529574499691755149798386555555608004798833975323098831383445617272619953836335820567737503351702792282101389884293e-249
2.20580621813551458261797744046334536704418407772739230810479193846624855385997029992120223471053446594571278765016173390704927673096371528721447710890617276994420224257204199983033260527020036547977021400875901927562839163335603453485536610750450693954705175710269095407592696131412113832080112975762189e-249
-8.42217490623471701305264662466307391886701711592662167219591487307301487363714491229721295647830090072250938300299713123010443156723725879572030354510413159175622908878210896472054138052437804320397699188759350383034962346031434266505283874504228558375118916953934204972480640758050816807677084778230781e-250
3.21573392756840890651572563979441330713904767582094555143610752959824869957235506662226171425658295144530972754218365986870279894704555053708084879259222675967590458879529593971814109501113356678535906638931653293077324470742236078768970118661593099347173183671834235760962537777220130386551795262665313e-250
-1.22783112066710492879916403511748217851031378109938801337663756862829780876576648289283340444002765780384072018706440003260456965787151264707695030659554840610153972382341248763356556449194217578646745779721906808769211173395670117185101388323934704656701135370924609023813519945632509960362173531542349e-250
4.68802953569939968128791556975677038532814090451750549122954439197344524776713752324137005039891536157933334061802290603075201183370975981866518997645648609140633468757519891346029215640622186069923612098930223481956306524635676600324112277255472888437177210220349996056083638359591209205189184790700343e-251
-1.79002625717842180548528087805749374484187833792008935098176996104024919146224150203329530626742469003355338808588162537537510868471235558093905195295470533393864011917095490005749578892455642768105857588568481880900066560624209950795084564140036407381038740443682994477391844238997855501125440228825168e-251
6.83414760866132803712762318328298379622456284449163032729143379870316706473576613446231489781620418160939381732572180915318099883520378643372375269267468631018333440463430317748100744791058521645420221672017104971282375764559158971060509934726266299898487928092400171487976133953385090123380850052623172e-252
-2.60988401095168971031289481973308029240255626123888066173789575585712319037208019428742284891995749781088617614355109546496176326481744241151111479765113240245717554093595407662733817647421147441565291047078006524026501303613773020175314100530658610361156658556330853579623803116895688273770517730250982e-252
9.96034684014033813953545763505761399996193113597520183805804798664120268209431855023903527885585524771904355180464987724764125567358449976452650470864471999465764157780443900218266687443384863311120087538086774231443888152829081018890324228167702757195876354476343946823270440945148141225699130893841117e-253
-3.8075415557005906126272548211951823347199325647564485189923078022486914858980786356454293396071871833642628470326684460890641242535657888630099534167912565477675723941432883181864554523405348127760185120828665501429223031414087192498214467453533700706649003402109591688211455348258643643913442382829179e-253
1.44945005618360927851750448931937111998400783239117483429271859047986201250639486741038852146484179274571493410394449293805280578505733841876029544219016799868542000958499782554663831849293952108208573101055051606139858071561497111870668573229215378703030207339084868417736772130716182319252140615960674e-253
-5.57592064111003988407651795930522680035655771695337187658521541591994703317181707499402959592999205301027548981602271240425970286441122279381881180009034925504296107764117918576352242823986156891691254782171925870571383287087037061318250726062141953115814704755637182710821285346544044916718188947573272e-254
2.08909488345198783456141738958754893056147924170188347853723515379439851687723863420405169669479785540657413522720424960482874664844582664446324056222810963185333217788000082505285146042227299448090589760536409962671778804227522022836127688755385058457999624726540935551236096847926052808535768537857125e-254
-8.35683187535201877721034127653970704029958320296158088845776839126801193611626731703696173558990792158823396431986709255135479041867614717015933452556441591333587305036973275878729864865871824098530742641991473122071390478852878353009006389537202421983893913807219522886649735800919527417155889450768167e-255
2.82947202213903027166034134969545185523085876438138121391727158567553617013687964139677917550466329320740423439517039283981728834146375378225549117943859491358155795169172527864838116269814968558869823417843752024549897318373060574691850143354853467604456232659195492026459442013211860236573834023222183e-255
-1.42183431738937718168648416877955202130693152628475989766713193079135136129376049726861781188923074564802090003728615107994774233745344636431253522521521572182844608512420629338455233381979571188296536595951996298999112432716414385708688198528057347784136491999023760122926733444306126205500844634841021e-255
2.21061487142555674431662411203406948199104221041728387721828677820621214676531818007365894655437849816106936447008161491908907315480275468571575020141422537734789002215648252536220888929886881807473332329880033091992273380187169347952493836474509467929825363480594032926199253028709438026243272073919288e-256
-3.85316429613846532670409517103620241148356313984900982679040198545697555454193927147940095021902701217629567679213885632581388362980991564298650064578786082261059306577847790860843037835240296848141600623891169363479720992668006296517446390402543789219707624948627658456843595038440531331407919237139626e-256
-1.33081059565461395954853860302722598857011532183317213402106852638472733441335358156031828184240279696974284000957777551434876065716353409114029280346013636009628143606890742350201578790911512820563704010104247441101426114414873942352351740120721331055076396923325184196264685870430211158317807218218567e-256
-2.0753798409509841246626888643971700256498410791231824483369906164189843223279882012482516696476369130336863897732337894593353388467816035247131677672436615107918648895216283566716357035701334454701079017169845723525471534650003031728023040392346518205369018537587488618073448051552860975412842186955226e-256
-1.59391838002613992764557569655168744060850180584726192634549319593939223576799492261291796917435374742740634588992125344041557013526290120219319746943759303543406711593550377315534977684827454811367413026493983966275667786604803500306698468705117259317243489866698871838597840172582769491074516865911085e-256
-1.57189888030005734659041138227427190552282675152521754932256966400326300209318162129857359562708069964297454327943623588114646653374598313606032451187451286569332311335302477552250571225290744759523672274227485229061431693076430395765721413468908141218666327307936891121266354325762707245204718053860224e-256
-1.37038974779141148427892877660656795766524122066494465977462632046089253689204219732115421314857142928606035250379481124512401617256033097847731696093298116720745537791659253080403224886234822514074013431229992743289883994151486608013099870751326106303823583557709516807387943957610052447934509933345368e-256
-1.23847614255160556661435136048953541286506491721639541925380779152487298900792828921972107249567048400783866450525488696090242952198681904401337716352502574776643792964909606025708277527482406364957490187314485305088151577467981594506872316213091331059607419163970266399471677259362611954749195485192215e-256
-1.07764361794902361721357722305136541183033878324599210540557444687460307289078337441556020237712570037785698707988461207760703512651850571058412379214635344666494694429957397936567324034448529534272196728675139706023304060804853829830467799612587557225607041495473557953671503318035574603613060874344605e-256
-9.21709748541969194839330789984198235552596899685898354884840972755441046603897671984048963505198675879146863097680035466265346433408552075573474155564271471351463507525136290556210095747203493354933640708794166028285892597433512084248198934381369920061860155733168819709710995185736804854920181818691816e-257
-7.55485488070913985358782442600000459815946819543854304186826928957240608308673730690982431209496567982974554125573932918021438098464050707834185762085677060138396017019229618499736489619022542469979477669812673246757789947142511986881104870131095371077949985734522341451397557689776433425345475484483931e-257
-5.82101534569230371012787850943116367472558453885888182677757488670725292200728795341255409574422199147236959853066781343518035942408682000376770195950598015304768627247748372440808102509282081620241828178523851773903467629226097279532604217347327042782219234295705425531803592546768209015683983783571998e-257
-3.94329826054124358607130906543971295663004005701128058836454565529084125493254481419243333160355971699988623576035666620552102933133471765095821351087057875038657299489617701664696283775365442941327531263329895674640527642191776872377782164159653319608469295125559709248539979024799605154734368207584679e-257
-1.93255230607124532693621242098318686409169706319476254925836683337780236234410416637699817737731622333294061857163875144483174014215472644780983837145332230788508165759424753178489622723664298041834130555984074686434500995011943205267335520428924393166816713088908801410314617303774586953761869362950199e-257
