2.40369226366622418819445822038756642170767109296390276371619645294892592582152591001949129485220918422435731165097591402459844350600019351983651628727967761197010788392977635658904018834988560134615830862841393637928513962666048269036502998008209911375240283647846033731212956045395256743903221327421927e-219
-9.1777340976346741731061132051161627010436538263846128434868300385215155592512998232017704726053808547013413606802816432819653575609848409975840361359055158727818351135618106332244829360205155676468937002969597863383450207161509426705517450585946481115642151785820198591843369796536152014676037434098614e-220
3.50422574636960286609506140558980757678826082629363083197198769547212253971501678549850089124257161902077426406528505855777697737483679273332891816590924850516897345471710034116157915651587398887027181623639312982103901576308205790559093329230546134171072785304816031192402664989803531781046787948725597e-220
-1.33797710315930291250902344577065380202414504960087802492726878126365299239629592328315902828239333489989401726888000596995031488859953360786642255022413913103827640971254902355648374302739213076623121442643309212876606431308867272139471851482965483902234578311122059918254456044165613614185444415875532e-220
5.10863984842642930230718042930613269883448262621899267288872934524549035921060952243312355937151997470115610097638755402623119028722393982136870415950825690490385277341697861184217534188011400849411249126700946270376048924837458772892882188499469491115044882568000664387720922170678946071209981762586886e-221
-1.95057157849009118815365070937143248489655197000167667928212185762628375497374680882009953528161687444441643999938958569591279997987239855759128275403584492710884242121051633012520205795686750368403181587430675722570163397796710040520208009964077105547131666264872064374216774484294708272485880183159744e-221
7.44763693605307544567757543578183312492074167944184269206398810258989800024399329296243312181422241868289998975409648745087126275307909167264473360258812284990539796441255396214879431828092213632930575396142900089949015262408088880353830087749672360196389076600881227316004851675661076881170880122348466e-222
-2.84364319376571971562234698457124537444913377167133014635363312926259679439911975117101027635172330158381201411438564887470979281584303830292956936127945018012309132495733808710928006828060311455956661771067485224702247730617325552402132590854602846329029638631075369726122898508199300108135435605837201e-222
1.08575467398327480051035066683629368896551863461036085217593858609652843688829106820635032028911463699374289084097748424341182710922878735500051250910727740889011033875590263341350249902313714253095648551317335939333238100503827007548690401559979807754463638684209230332478547768677356109039532498375073e-222
-4.14560875520886742013042981882948498223577251291170328356261795423751081145756138627059157654058148162771139299060008450582153469511306449322135608145924840797221450483866399870074257722841034332786056467262108872684614667909757606914605609164424133076179038201120267994649751017168094458364875938148077e-223
1.58286879744338574223161865809853065320239627021611506376394317791569295731812685754051785362545941411902590875909168217224509443229863478308667733424727616413494117325137197532880899927045436702664531846765359833445143867537697676335976465112194360145330934251063340026854566525139400830949622805452094e-223
-6.04368086296565465215708942183075310583617105557678814691488384647073916433319800219884550419609340514926258943746804619018686134479859823810000819421422035830681588058478822042784107321516640301015684685543325395867969543525051729698137826094652719419458352924766803610759488210337048866137047406587358e-224
2.30758723858688632173270687015356053133363656163903284008187588931996724911299439271336387624186173590737267207435957781579139928089595416098562842310849049793762522386040562682629239895823829438316729409527129243966450903615050193544260864552234123628192762030050985345832839868017753183894290363136414e-224
-8.81078763824083868297942623149541082440288508547129785595141486928471530972913601568128413664923776243196623827026175962921842887639482635962431632613439961172539076130397695385542783122150324211201501172563046429385757703145233118089656090857250210523135172567912336704896944883609850834320305319319405e-225
3.36411891641922931531941728838915987978663037914455968825071515900615758247326189836834384083214835482762566590655793742213866437368758264975550304474977731732840437444138648976030539730786007601274764333240842702551063145718313531951498644410810407623072261774200374904161624359148084165468028640158905e-225
-1.28448176808734210221286841920312980368708537033538910593766858306589222113931988440569190579374067403415888983633204930169696373315769920211623465930768533762928158950850054985758679384480269112525305641691141024600013031171467346874304585509173007934308893733376060230015417534678856478286848032814379e-225
4.90438493269712439026731578241199777772644174664228953899405934464995911998792551454900674205582930021176442802235633899794460230360300397639964367050589506382446208356361622217305692281047271703636599349127074886066419723209067468849770563481761023638196807957647163378302127993027091951851001170128642e-226
-1.87258333793890203992024784419361570852697730534187087596113630851048358788785789767414306822442061394209666425053221000332076206004689904885305101414041407074417423632189590599090267115904119001715356805545944041749015584243060302182368518301910157046295886523862810161755317064463248572737727058302168e-226
7.14986365394853506151367358692172126119371515987710127555752846322739625621175725668705621187607934299205893384552966378240652263662335588473108443722519565702139272930301796913988679235105211733650491740979507593701154606694575183707470464580288386118886333363271899035380909260137942857321657022325023e-227
-2.72994794059853156894158446046028868852375522517448930460724057455202306240410698105733963408667619443233407432375049489546329201930858189380624020887602619184393616036032525002668633101889869082937759123661867769243759895232250786802677977725346636322179022251047178357139961624831942500502415464874405e-227
1.04234375913762114450496861217661935985199136386654098696034717832893464933198513617328818479334352959940624275081773859093251111534736879180577499595207158962771950460774936023878471681428450337804922519867375791761810590754966787252962479254692689743543525771811512213737241309564198327623609926443992e-227
-3.97985798943455346083715288284716852001275583268605165687709514736979224815335524635967729693776277706539303626968178441992969641782560869342430314302245632894368858939049911862346984916332855167027864852573136306413095823865756471695546293860807070570203736374187397745235137074788583254025116841539284e-228
1.51958214142046586686509473709594368409057279100747617202853544904664600735210488055386329776330722001306924658461870247338374379483009678973384213275026747068448343160333221857251251019423208515257795720953516442607951075138406935467820970711199578567939400331572346057460142272297468244084960032626055e-228
-5.80204090360541512803036172337473455426281629371446534807206343908798827329775069119996923212299744390082929884176054075767102251980219427881020227090022268494573288253057209593977805486051087425323842204526805815042220683535443408699296604219960437871744394131031188735256676135112585669582244695200506e-229
2.21532470864934032161159265810114892358773641525636915679852723802771897109323546401080198651227018826944374228553813610573279463552318681496863656446023637224405258736677112381339808758014975045426149080501359862947168881150580530888445588865118678521057895168421081682562421963724572431215655925616303e-229
-8.45851252393384486433517196644378803466989788719907411735891837274160103046341349024340831266988589865658924571030788452895980312092843822373484585357335489454590978664804293825572222776270616387803508276863884719147966491914234641843436008824760419967044841732700859626465792080682151049831824564196665e-230
3.22961387277474076638252020628388494754202712380029430170811730625452416072604178692265893886479877769361352182784142288782051031380887604707943075137488475514045546761309916222533261043114471381668711270568452877436605507792411559164694770063976636721441682266042414412736665775323810124982513487378017e-230
-1.23312529687762829261878044138760100563150946641837412657119673133088902462864258125521540181033703659405102985200731759144065375442467024845283623202727738122708623502135411664916182748899731331399622537461807528841576314544802209643241670654820584876286882685410353705259152824921404262341187873934832e-230
4.70829658807821711727170714971218916855262949506607933236121478945113320096429641336529220530353531844084096964031142451113616372548761913338765407946114859763989842793198943298151770093674945150052382526188760886202407781179907126177788203475266662295114443640051194551561904621215525065489872869440382e-231
-1.79771324272077380841283363039644998799282653143644583366735464675024713100172380578137867049218916134825266052236664078522056022247360323632256330962719243781541703085112841342901889694858649172863681144190148981033822066892947322598987530111370543539620947298294703122813670317372864418177082059751417e-231
6.86399601766113635939445575262547970648053128322407984227652834748865233636895713756091770840179274153210399266653357347386751940660353457683924278071060226583185371863112846428268470817543285128597527109271333184657845702856231162226627289057236316553654641444385643133956619437364991355005223538093472e-232
-2.62079847947061570085970123391191682875392027867268785074314865642831379176607539276221005934456691132666870969916384345101551680182971150023807018816967685021071750567651418612843585700775919341765827953538775072875623721482972959425499798176473808597363955031457024967398713718563719438347765726287894e-232
1.00066851034332599487370413608735725538342002526746086517851978285914684930713269833678379992217660168995043121458650183449481208169737396203580237084136663732494876240174225406406377946730099477928875771910515603335233430605425269942991285236094411696640170154747181387844068497905930089611388983710422e-232
-3.82073431221997198042687033356805117482097176654495356455746262145373037261689842691441639512301088457779849918725462560608940093678660734238926854225776521166334846372937505705535758104007403918494359927259775309127571258132848923628807438236175315521308221574969341998922955993713552937398660659977067e-233
1.45882582830217111979935029015699557968717384258429844104288937545492465304550993643074698893230173322588079315056839784605141190814053614602590394052292950469855068382052642720079338695836247690334370838142582397671971365090032011865452932966324033261355947324271143403266259005491908179642319535280895e-233
-5.57006225351738063923388682404979809398600820129518992229088761751577573266225117763978501942016767903652127455144004970667694506918864411647548289962247301443156513914520437629859956907434168815791021176252279141607061749243189970086785654117281851583865226853478583022331913619262116174747868901415607e-234
2.12675104225209078952566107693681995004972238002056720124107752006804394009808354092147363368558385921095209020432027772026073860292252651910597855659918992581218931338480136873275053149649611830105442902297342305585408794178442890230215825886674129777806856133194983168239769976529060980386756230813804e-234
-8.12032216132616483273438873347911395995556801194830029200297941900901250828244439098300068626337255874197484559853519607357125587116032441745706461390641246299799301657318038408000846455490878050745384128398265163424667602850703950829371852287830945373011356500334495956408160550620088772019170131053486e-235
3.10048664341544475431671497205525959248343403652945366917066605177002215025654190852735078969149038695486388358209284785600935412108867540195243222309125964959014752965371674560862947304530443970442783822715545666508128392650842450627588774000699444853792747189763537734239637633264461112274654854958016e-235
-1.18382217294044254255733710947268939372681770886246506289979639045715645757513799722039381587556944580636194684324954196613016382658180611220303452221365153890852649085732037605422069721836400095645177815834866460510236567274498533105103438495308496741955579289294282347768645166361231463600185003180793e-235
4.5200482966816897079458805300535821506808859877917104113961172679441176165532471423770523839685311141830875395708896879911534527449943515839009976045206540043260294233801455597598721886212407016166044635500712126674483372287137763203117838135963882329737341175827504966658187261300586872680775992968474e-236
-1.72583662236937243394319457621072888596747399749871826539853342925838215317963209170574452175785979301613395455039883904313591758938947009660910370578316391515164659181835264261871622878779099221744714323155176802264561009300311653670744459388090069229292964664463874908197462752354151697247828819491058e-236
6.58955801268305838414505749395006821330593404854765758984298733888396413353548701747863545239772572635936604720896130307634674154781574172725754341152605542369918444634575868365013427798419637891527158111549945886482042698778787641678677469694504908521015952489801201108934221837474223373730208173631573e-237
-2.51601305938807683758361557213370208287082399677601135432285178650253676638130318621750215356353294322001587567977532001763637401215660322249824855637882867436762706318858798165534297351138977976054626385275029935272652377364566253597441259967065530880939939118694070450384524460461192021030559485974331e-237
9.60659531766356610713963128784125358767495413124463157713968610320971771638666475688552587012314594201426096802701373280898531986580577090790689113472150572878433295582388212937052519347344529251957317064371873538983706118902096287751667286134228427236848042488691516924192757244584030183907769446431618e-238
-3.66797275765336160453737480456583468089946156386487547421817169278995635219977661897536034055956686331890271802513804945718214038735303187176944138813669988935668988107132908744289876228974103331892846081720218572954139525035677705708254464202960894230603367438171278915224465318049182935715224448095195e-238
1.40049868928582897628014599217313601833432456751719945405879794887189203988196025758983769207859027181209071315835504848517484400693891964995586204873044871411686418085060075088792235939457370902740421142658207213537858332093351667069021150370351086596265166711404393377857934687178865258854982517679975e-238
-5.34735863181861972764930839616033058675512972768850081504669458032034681604182308810561954320047667553184004683214556879756061326512601488365511471994783230500830268684578595809718114890460259032480858307513738426347487350058669813783252343467851977261311864206495305978516596440830358978298217238850449e-239
2.0417187503307457141991194034799380495594371385965303334924855671423449922347783523613637662669886843262953000715091409367807322302594140785904778217670250291100087845041666271214424027058131581722289683824747286660874997074636891404883333682358111171303659317643616783773047049653460411453971489944405e-239
-7.79565341035375636163146534350701641128848268973624186904214516175621019243363601182302141117030442187693283737796781243642874221058146218685100675801951730044705643012640627056874553626973050887464166169537843646026693180643526063914192180143525850826104684421625227762230055025802771671286098127676753e-240
2.97652221122597970459014837845751413383787068843355044177570952174239570273263347616354326241704694457264817143782394649294787955548487348040456699489120992949893965797842510789207332222132328732435218381652759416513518812399739246618257959906356637888178977130187244947952918176550686963775810760583295e-240
-1.13649029883173770118460245125527822698672065912784474565109851661561952729497614952763640506070291570143863102908739334697488123392164560683920533530169856736656261418148797662757665566096600717446191459267414024915744206646414327246834114901837640867201283816709877924981123546081156378740827006071555e-240
4.33932659553936218676969635912530220909200626668132282047754377457576702130311153408020382211592479923065295766479486568204255124943859474922761048895704433160310494304797358958785828070977663616857063633676245079129307985641954570075895408555355159856547272287388954686575718240949281843285558586323845e-241
-1.65683379102412003903506689054720215050442846296698780917436377597508748174679717897982368392362407007405304214132422112991439353454134751560491103421488965484206390437868454693717803509604836337425917041748546574649182774443693694719768998837987963615383614457832811199084040950436937031121155827241994e-241
6.32609265663755006590347834667653730332505785850699949184307144809563745700926929663389412752547750762385133210121192794893027935940850170854781386527984691548987899430179033337701829791676604381812477858737143010787915276797133104275876501533321003240235714647743515731741439903270072774406915124382652e-242
-2.4154171961706999469701415553197504241456261682306917641073678139213596762320302380807287374856877729238244705705517481236147094659286781599858311399925614998512007427507444357868287436751796243348687992540138317543510531615327103742512075128291824586152255063818408067685562639374103566561282036729792e-242
9.22250202174268288238024200960634283437691561509562509952981834091035694951265343077012032927999386863510437350716762618884990247504678351794224251026155378581740231152578784228010858065245830859904507130151657446246264491262637326741970337840850231109033865589961495845422843313398196809013981451977654e-243
-3.52131895375628629312172618569986752467442065940817843241323839056520060158550340546548178655209213612516660677006046063903318000896492025818067853895089717729617175927891477931218502375468742075061644553380793407855537583157518728776459003473909463186174939662414005148750169874351695637575722739158793e-243
1.3445036005251388419130951055839274304199591072984012734606726891854822032081708769391958791625853012217256921521581317590343295082799744174871669245402004564436296950424173902187752596067777467314280055437745950766072985284418598807693053136581493446134835876103732766125647491313190730223712812400848e-243
-5.13355920200495218158212635841917825324030489471118792730935951776521317749357509190636905492075215079286678387302738937696003556063915073229908946862624171089504620970621276960468030533601005851078069897251896248104197685605966923298089162101017856917629493154778712460905767771785111567777961631213765e-244
1.96008624076564666580319296524095578762366954019524306888035581777252892367658220622282253008278022053100354316187722642859913093120616373550140650614362612090785681111089874372923448914302939034270914585017395241824432210937249853182116826681552271528901710742751972232295376075645761657737803596860637e-244
-7.48396564655862780752646691965913352672977102131517157123471675113332471984240374809824636914318690337537837815527312624846525565113999752552168980808883012498346968087328580323978466176678102695013806583602805201685387466605554745555639095770342519864249448759888700623934398994867770866911269088813433e-245
2.85751415595983915518101662056060261770195772121915143428917640914050794272340604580191057657958554880299662798085041866441725132268202453020749036509697027111265617099874386439058605180739817809478204697990628849668222939652533325414858032428386940369379719536674696680444479802132686744576379608048694e-245
-1.0910508595472860244039440945229089787589789704059626144650024792949309058887763525999030208006742279064739277661294883130089842174099357722975432794434350810818703601119863432218222181778684658864313270198898428775449712857668689343869030025919918342203984627574594520168172617073833336926504787610772e-245
4.1658305546447535322589765343664776615208976044186996661224994277783341295089957229536708907824820876177819510345505576899643414670291833817186060293869195627846465190808525199375526208011641125784797556168886427795395640829419301087662027461280171157304059627916317239844110762914182830732903981785935e-246
-1.59058984812808151699056390055414465146562630567759405034322539084907593626047706180442729347973724671942676352295065069004090482004914662335862945846660608197823986884343679515544156473814909911448492470047908894716239293658392903231203514059717429849274496323889718336419267390167392366444818650012974e-246
6.07316123837886442177391078337322761531330766584499154510609356158305342967198924196116683685595262202188248737031843729852637149285754444717570809412608322875824125541196087189256253763922965928807220988626389574704615124466819811742144714622807628965586091393304818628311942325638078990960622719354513e-247
-2.31884338187474119169829969751951883734016146567963109341196630459007132424886080331154137404939872016951119516600010576094798424227755593903295548858405483516167711069979855088888846938322720870075317947143023057149908304756115710923980409126248100380465341345989565417899392105078686563053509280790083e-247
8.85376564040226138015871450686121694225342574059631288459048940857358948530472060123698279754700467600444438600527527014365476982778013079789691177668373982335479637335953802622898188481067588225295577956750062715210645411183911035918789157308685575003447684668381521995850596852565115833609460702559391e-248
-3.38052869849650567854247138353555154558850110239922335196602387954971234395637155221300433587132284889302553462094490081766683586959690014692349984452286496024977893958991770747236177696946674986081276085545999358425118672340751865898813511983103701046018710600166268837895040478114415269642351517004255e-248
1.29074732166792292944538750110358821401123720321166246402709779443939300416317511454113060426065307671931248051486436875102288051707484266130932304066894372123414263884863660559034854460601272945125048373681461406747062995743335052130238326622861098086407983864367354346674769683634457025847722550015878e-248
-4.92830795282651119174316091324645188729036446789407407775048457748386979395416888865333085801623790881048774709511213572660118693489232892098492839877756868627989291695932823567252459602391428984977123522503331499965063803186696843064038638348621492074258599045030632921269972395080537877272783232544266e-249
1.88171758347531755681911908222637451201382792768393845927387424648929551123048215551303005104620218629611183818088510743770155337328863882576642267625627502082156122515610456801158251904413764474613143489184854211903154857294779749486584753736154076627385323108291978114851501325933670217490233193181959e-249
-7.1847398530411441217527589056339378017916184276372766238593537090635420931006529888544616566734720059698797693289118137573744325898752649487690568898854298984755977738971766431260805023151221490837707698161230482171940373497753711894315695810459144443741474895882931730588630569174960433965780577291149e-250
2.74326432200368543327125487602596746004549968866203772135359935015703668910810027624101572659119683531782171882810951674501734920542346748237330283084623124920600561788646621722751044965357229148060971460721097957952532848224442321926361911673931960593478170711593734311317710082850543445465123865129139e-250
-1.04742817556385313352260679022425077006282207006392296236092453995203549316219672398599298368091605722069100888424968836773725606548797865360914731680559198262770605475192404934942079946438417556617734785197008487553176664183405280687921350191604352226533026124281243168723921731545732591458790409521499e-250
3.99927143972383400212527361382372991163125602517400348180968982460057183356931748170334632917176495511954952906346533322778847839582403453795405536926650876508865202025026648160323339104272718037648558704354519366723846704572100937315828283877068956745842100895033150021190399632762949108513759662613727e-251
-1.52699430518507874353295326999397618158993486469523819745463267657073953774937865163381371826415914357739390539665002133145406784534745911145478881356978963189112526961610344833079497001524531269766740343384441700232292747156843350863271504002589372344481439239368858900764774022427293178365106567526987e-251
5.83034415034949780054855562050099390247792448475261163510575901192949227839924709318193477172218218581781901130430566084922646769083492598198605573116085896766157322213123388568521102681135935042264290813409170719886793072408481255636910359194035135557937392339856555732462964171043936945590298339974885e-252
-2.22612863431086936921281029718503256980106628324181644274229317055894011000210084148349016528872053961112464945138574963640879869826579155195743591859407289288328041196557729044324228781739262156145940123093468808691753680862323190983283141564689390453419927449420513623292273622138291050203604796386072e-252
8.49979710664626996916457155643688487768347494840534255755395222517972771378030902027755192796540742461733530592532901590888691126445281722690332443546510369651048948123801014098514439606031764061009144709308946737379421284704496766456806233619767921947794545522164185875978540710698870159255444499177237e-253
-3.24534095404894099559801485891005346811096222659328075497673764699506333365051358117504468287470082523902055354161604126854755875470556000931009038482265974648678103469078056301002808356252283152749543886299538146980797411501167251546631100449163510882871694758611843515438217834487233121720381819731199e-253
1.23917374131389435384138173844776875914399886303429361049348748240131407198936163435924129338074161304391609064984168050854588427441456497480651552549584741169012969681128799753397109258310087286484368558655414785734108335346973872384256592394819819966009717414917866861272650488359159343025296266158986e-253
-4.73078209426560312470737448980144174351683797855159905051009659300775331639301214423975950823190044639064389460319784513733176325064946981102753140781515566771664314762132743526939894857028806026810003118540587407455092274327853934401608268690668576827631830572309584298461859461683698078202818828431306e-254
1.80698159756442443353020677733782852552428470863250908321787295725424950081074137317656183455186365400851161289507424389922164654478783384768437714571433107607762682838318947378518423192547667386685783762228709526956861742112205233428951607709272263190568083805436438182570098861490711783359582204008174e-254
-6.89233023307241164956505487331717543338167741007353632872369933031818366194199206230863890196455073534501199223986512554753360305837424380320449490159366849462265893376367842662488585959322408475659553070579545758126421661454668277705044177387644132714329818197033866141398567804288145529176937015417827e-255
2.63913660717286871285716668275656602540373753140702943212485746571050889263162850237613260092343573009749675036791758799088972516827511645078164190678890318496094875147400608300008941481625548501179200397304056643286629066331518648095700554984384669808732833431450360785565151173235976076058222263727726e-255
-9.99606471855755413814034922097926291223895959838794097389362263458837271488771303667905221262733135323790762828512347667551519263292447031906933143352055182915005602675091534127239074477988615741399538424941113203734916841998768943807036308537462824285882355514672910109418086741591473387895268503636768e-256
3.90477761142158893270017411207775357208922860964059303913959436246823555666670109235438776203038421894664502993256234029895079890389371184858319392569773536213496068073317198969402858938294938713120365604375639355586549064503232557673590270333626447310230476405435474818833603692613714315454217345067186e-256
-1.38649446063185138286205752923383209567607773922389121493959519786274118408219463439692397580356336133904588177148884283405825012471155480803192844315729635707522903777061218932809303528874146890869937921880497545641360788718844166732369480088868818345471737800128636441173769957206198693156653555943997e-256
6.36291330441092559852625198257970067285966900278139733201707688087557135941560160149368408955111455513108931006980171292718211412905356690461582391859391966243326220724414015209475387192884561078181267842654893671736041888630933878767015091479065956031110487448676311764103943404215603343602756609765323e-257
-1.28589305691336739967415282100902770035879197980542664762119601902696717606472194444115078331892498968246654017203502976631229911776478883116113063255179858059268281201228678746285084388783326766481542732264513388365651863771908115298911656641756543106682709704130751138315322504945952517297133876987465e-257
1.63475183294442291214473579187577376149768140959420063716402470696338713582245587217078342943425226759696225164865390838143711213384127282204274371879501445260209282427658781650134636937599422824551179848270833596819232821834165967221890097191284304539523475917052329931115306156560616850540867156755684e-257
4.5381201982863173959570299323871575872628574983310492832396862096385587944394342050064182182972805857914943497047909879973344966363839829890740002928947084523859768403961483507439825043627006124153016006735456773146545388390459503056613546579004272403751971353668772418903718863752885360771573421038564e-258
7.96777087387835830806080449928207303689549010191711393590077141768398343030080353545953579071063450734323125345186888169283439127890152642177882162902822178382551368211318497541620946313263575496635477264616605130674517211925195896444724638534456085953978031708952847766462995255252903257441716684279644e-258
5.20310782858213435013628200569466595372934083311074906316656600102835237883435524896956398114538405470648837619549822592118898697281741955325399054191158835244268012357081887429318744732147820082208645454754950024835688805451715291175114522112030500523584575133364081754578911506827029324111846562614606e-258
5.01493116973834517894608008805481538969581148888576982423343111242426034603522880550250435388339883729344749946961596534519068637371925323240933995263430855648489788368079626624721748047303248669098332367824619415954404943214208863088784288009463388743618351073995688124523710994181134608377256441442646e-258
3.6040475653801415593282979168902256308862249784899376193654683713736144793938958076444015033720387920394201446135861294685283449135767412194472275070202506579789177784950326049957950491745576983781374514606761372872309411562986625510544994224824289537446554172353918985866574296176294129322397618491405e-258
2.923797912500205277849773102497685144747479432924495966392107981066074598520851942714036375527799849563088785615339928548378007537737025363015314178736184021692310687672641591315776174988472962197218754627703706370211364974293538239689684537112558649733567706713184298153890988880799264821547239225211e-258
1.66786311979906895389004728803206369473690903117339233887386940052164801852989024708535728809019538386100104705462453411875675365208732393482879955152617621059648728264761632494790392460721042265166416181472003606017678071124623625457639574376633703470789860142600715313135302007752385525913815548284857e-258
