-7.72602619468822831505043422693541764501472936812296872765180278036038672822233e-56
2.94993732740123623837256721512357764567646357785408409066175182057503615524525e-56
-1.12633960206592609885003028461088606770040411917593104021322847463927765166252e-56
4.3005710106525500475709118313038909803767094802952844460472120752394426336971e-57
-1.64203395417011560026156746900245699400178846962086251022929373521733959038214e-57
6.26961177681128452714788733994481625185656746122006659297438487121786169061356e-58
-2.39381786710388679534003505298681893355393929920683152341885414370311863855287e-58
9.14041512278632988621766515017384292988342725825462227014421135274796675591161e-59
-3.48953401269956386046798471261498205876596499495254850586997903092915910526411e-59
1.33284786772083852532509016883868054616593754701781481912429358330316057352944e-59
-5.08381982928792612308325519829419204403304241279694547140002493589946866896513e-60
1.94656091292865384338595739599203525330417859064372014052176164130526544819199e-60
-7.37551269405815516807772878185066455418289227890638107961790681272551143182569e-61
2.87226467513160100296877231454141947650215161803045902246439443093146045333513e-61
-1.04024771262639809349523869118776974007926471841506493409819326611502173524914e-61
4.51953197421643954479285584600784090637791223634178397369580331468025665054086e-62
-1.18736894908047960159123475909051852829984249394008810129524092874174979840142e-62
9.70796242868874102106075600030346068340211769380717334824902368113800210916716e-63
1.35042754638529092429323757923922192183592873048086827443596019924478805555396e-63
4.23357809213422962466912876596212800518223973802615572991288676038539755211784e-63
2.95026027395570245973825071444526160893664400583822722367894032821944353987043e-63
2.89126965058200574980766541110401574825008349602640060790562488430456234158084e-63
2.46490990763412836569865223328482875672997152892671037264520466123553036930533e-63
1.76466856729515655362215290460816956086722234737893500236256535268624640079965e-63
1.08589481087812980774709134619642666367895789889111918442220557083726536238915e-63
