3.33333333333333333333333333333333333333333333333333333333333333333333333333333333333333333333333333333333333333333333333333333333333333333333333333333333333333333333333333333333333333333333333333333333333333333333333331505854426066770501747351514731254764917768433712003310920078002573489553281474251895e-01
2.00000000000000000000000000000000000000000000000000000000000000000000000000000000000000000000000000000000000000000000000000000000000000000000000000000000000000000000000000000000000000000000000000000000000000000000000000697764673683596717514647603466248180691247751516445514407053977282637579122695268349e-01
1.4285714285714285714285714285714285714285714285714285714285714285714285714285714285714285714285714285714285714285714285714285714285714285714285714285714285714285714285714285714285714285714285714285714285714285714285714259072361810002930526064104491028965572957669801557283583414016889130973240011344627e-01
1.11111111111111111111111111111111111111111111111111111111111111111111111111111111111111111111111111111111111111111111111111111111111111111111111111111111111111111111111111111111111111111111111111111111111111111111111111212834820563827194557048166690818697173234497550195426537485240213124280861948668817e-01
9.09090909090909090909090909090909090909090909090909090909090909090909090909090909090909090909090909090909090909090909090909090909090909090909090909090909090909090909090909090909090909090909090909090909090909090909090908702509472998720408660967605968389217764557909883445354367338509550838899734499782558e-02
7.69230769230769230769230769230769230769230769230769230769230769230769230769230769230769230769230769230769230769230769230769230769230769230769230769230769230769230769230769230769230769230769230769230769230769230769230769379067266698644960304019615928407779781188908951333416448704484122959932085823952805e-02
6.66666666666666666666666666666666666666666666666666666666666666666666666666666666666666666666666666666666666666666666666666666666666666666666666666666666666666666666666666666666666666666666666666666666666666666666666666610043780220890339165971065060435445811888049757491430768325799188979678262139453791e-02
5.88235294117647058823529411764705882352941176470588235294117647058823529411764705882352941176470588235294117647058823529411764705882352941176470588235294117647058823529411764705882352941176470588235294117647058823529411786325529904964865152672010452860478406990548272363278942023943997765195717889220811e-02
5.26315789473684210526315789473684210526315789473684210526315789473684210526315789473684210526315789473684210526315789473684210526315789473684210526315789473684210526315789473684210526315789473684210526315789473684210526307534699164346936091721123169054174309694855627207693248063152130899433448723256652e-02
4.76190476190476190476190476190476190476190476190476190476190476190476190476190476190476190476190476190476190476190476190476190476190476190476190476190476190476190476190476190476190476190476190476190476190476190476190476193628013474683847003302287945613812584695580289607577164349677890580167504427270013e-02
4.34782608695652173913043478260869565217391304347826086956521739130434782608695652173913043478260869565217391304347826086956521739130434782608695652173913043478260869565217391304347826086956521739130434782608695652173913042274837542867748535498019701398048469469465124284612479077219361992403538462498061e-02
4.00000000000000000000000000000000000000000000000000000000000000000000000000000000000000000000000000000000000000000000000000000000000000000000000000000000000000000000000000000000000000000000000000000000000000000000000000000459488906557215381307870738517585494269770307202431841726532275673628227452316399e-02
3.70370370370370370370370370370370370370370370370370370370370370370370370370370370370370370370370370370370370370370370370370370370370370370370370370370370370370370370370370370370370370370370370370370370370370370370370370370194929151503069952052819724754567626780526439275374010260523328836896682430390275e-02
3.44827586206896551724137931034482758620689655172413793103448275862068965517241379310344827586206896551724137931034482758620689655172413793103448275862068965517241379310344827586206896551724137931034482758620689655172413793170434923065947307056669807636381431696102197824119222195728755925218375212955971e-02
3.22580645161290322580645161290322580645161290322580645161290322580645161290322580645161290322580645161290322580645161290322580645161290322580645161290322580645161290322580645161290322580645161290322580645161290322580645161264745860803680469007526154345897546440288290141422015430262530658832528364833851e-02
3.03030303030303030303030303030303030303030303030303030303030303030303030303030303030303030303030303030303030303030303030303030303030303030303030303030303030303030303030303030303030303030303030303030303030303030303030303030312795959697050252986960199523456207254863175787210581629887007374493989520844841e-02
2.85714285714285714285714285714285714285714285714285714285714285714285714285714285714285714285714285714285714285714285714285714285714285714285714285714285714285714285714285714285714285714285714285714285714285714285714285714281985580441527683806395597962357914524256871081051318103682905733606935527888604e-02
2.70270270270270270270270270270270270270270270270270270270270270270270270270270270270270270270270270270270270270270270270270270270270270270270270270270270270270270270270270270270270270270270270270270270270270270270270270270271693957738050609180555587411919050159091398131595728367757660715643800472951495e-02
2.56410256410256410256410256410256410256410256410256410256410256410256410256410256410256410256410256410256410256410256410256410256410256410256410256410256410256410256410256410256410256410256410256410256410256410256410256410255866666649831189945210408047085225860626861324804065387792350548017471181209707e-02
2.43902439024390243902439024390243902439024390243902439024390243902439024390243902439024390243902439024390243902439024390243902439024390243902439024390243902439024390243902439024390243902439024390243902439024390243902439024390451454893004928908178744763059594720646956849629463187409036329932634596838689e-02
2.3255813953488372093023255813953488372093023255813953488372093023255813953488372093023255813953488372093023255813953488372093023255813953488372093023255813953488372093023255813953488372093023255813953488372093023255813953488364168293194738840852367692092660309380755308222292732715269132554823541482373e-02
2.22222222222222222222222222222222222222222222222222222222222222222222222222222222222222222222222222222222222222222222222222222222222222222222222222222222222222222222222222222222222222222222222222222222222222222222222222222222252480282455418106832420843961557073058548179828224069565333695909927099512073e-02
2.12765957446808510638297872340425531914893617021276595744680851063829787234042553191489361702127659574468085106382978723404255319148936170212765957446808510638297872340425531914893617021276595744680851063829787234042553191489350149050115990584870303272864571468105349342479736799921212262540309053164495e-02
2.04081632653061224489795918367346938775510204081632653061224489795918367346938775510204081632653061224489795918367346938775510204081632653061224489795918367346938775510204081632653061224489795918367346938775510204081632653061228900970980463011438973061343237317621584980910359435156387024032669241398422e-02
1.96078431372549019607843137254901960784313725490196078431372549019607843137254901960784313725490196078431372549019607843137254901960784313725490196078431372549019607843137254901960784313725490196078431372549019607843137254901959100046883599124178355943937063686543915400383866226921060752457800519649768e-02
1.8867924528301886792452830188679245283018867924528301886792452830188679245283018867924528301886792452830188679245283018867924528301886792452830188679245283018867924528301886792452830188679245283018867924528301886792452830188679309591389194674546304766794496796291539246451868054243435132548446859527519e-02
1.81818181818181818181818181818181818181818181818181818181818181818181818181818181818181818181818181818181818181818181818181818181818181818181818181818181818181818181818181818181818181818181818181818181818181818181818181818181817936277131479681749443549088217302713771385089873277727522624473225509855487e-02
1.75438596491228070175438596491228070175438596491228070175438596491228070175438596491228070175438596491228070175438596491228070175438596491228070175438596491228070175438596491228070175438596491228070175438596491228070175438596491321822212840569244746318380072456671790327847135232966230810601609344887584e-02
1.69491525423728813559322033898305084745762711864406779661016949152542372881355932203389830508474576271186440677966101694915254237288135593220338983050847457627118644067796610169491525423728813559322033898305084745762711864406779625220716689970957901661168560800563946482327133533752748065587998393433949e-02
1.63934426229508196721311475409836065573770491803278688524590163934426229508196721311475409836065573770491803278688524590163934426229508196721311475409836065573770491803278688524590163934426229508196721311475409836065573770491803292356176984963929236658423488662837763121316717984714269151839430732315829e-02
1.58730158730158730158730158730158730158730158730158730158730158730158730158730158730158730158730158730158730158730158730158730158730158730158730158730158730158730158730158730158730158730158730158730158730158730158730158730158730153511600543053277594748214927371067796165573352610352984463024219022671668e-02
1.53846153846153846153846153846153846153846153846153846153846153846153846153846153846153846153846153846153846153846153846153846153846153846153846153846153846153846153846153846153846153846153846153846153846153846153846153846153846155838694244866837132821083648053092867043009746833131159868818462551310700e-02
1.4925373134328358208955223880597014925373134328358208955223880597014925373134328358208955223880597014925373134328358208955223880597014925373134328358208955223880597014925373134328358208955223880597014925373134328358208955223880596938846557910741429920822134465752345420134836669804447906856992473168639e-02
1.4492753623188405797101449275362318840579710144927536231884057971014492753623188405797101449275362318840579710144927536231884057971014492753623188405797101449275362318840579710144927536231884057971014492753623188405797101449275362347888854613696300155337851378548577544628277406308879845658450810606863e-02
1.40845070422535211267605633802816901408450704225352112676056338028169014084507042253521126760563380281690140845070422535211267605633802816901408450704225352112676056338028169014084507042253521126760563380281690140845070422535211267494722207730614349359578530407209097429400586931776415680334825901019256e-02
1.36986301369863013698630136986301369863013698630136986301369863013698630136986301369863013698630136986301369863013698630136986301369863013698630136986301369863013698630136986301369863013698630136986301369863013698630136986301369863056046693715386814841026387762501058029937095559793599554384863070553146e-02
1.33333333333333333333333333333333333333333333333333333333333333333333333333333333333333333333333333333333333333333333333333333333333333333333333333333333333333333333333333333333333333333333333333333333333333333333333333333333333333317164072694307682735259149405945071233967823600116550682166479657526565e-02
1.29870129870129870129870129870129870129870129870129870129870129870129870129870129870129870129870129870129870129870129870129870129870129870129870129870129870129870129870129870129870129870129870129870129870129870129870129870129870129876303587828407196462128287371223028643961369201740829408254142950036587e-02
1.26582278481012658227848101265822784810126582278481012658227848101265822784810126582278481012658227848101265822784810126582278481012658227848101265822784810126582278481012658227848101265822784810126582278481012658227848101265822784807769344611766859959471368921507312906232001979357055757647573845711868e-02
1.23456790123456790123456790123456790123456790123456790123456790123456790123456790123456790123456790123456790123456790123456790123456790123456790123456790123456790123456790123456790123456790123456790123456790123456790123456790123456791023492990141587820564395357371505587778194067357292640325250308408500e-02
1.20481927710843373493975903614457831325301204819277108433734939759036144578313253012048192771084337349397590361445783132530120481927710843373493975903614457831325301204819277108433734939759036144578313253012048192771084337349397590361102132947068652270311537188649519648049944598030381372021827438709549e-02
1.17647058823529411764705882352941176470588235294117647058823529411764705882352941176470588235294117647058823529411764705882352941176470588235294117647058823529411764705882352941176470588235294117647058823529411764705882352941176470588366506006641437595244213680927295803707373089703824283184784871237137e-02
1.14942528735632183908045977011494252873563218390804597701149425287356321839080459770114942528735632183908045977011494252873563218390804597701149425287356321839080459770114942528735632183908045977011494252873563218390804597701149425287306222754191696966376159992298669351755172002739095772253817984505506e-02
1.12359550561797752808988764044943820224719101123595505617977528089887640449438202247191011235955056179775280898876404494382022471910112359550561797752808988764044943820224719101123595505617977528089887640449438202247191011235955056179794409640379386655816469138903222372991113209092488526732547342176152e-02
1.0989010989010989010989010989010989010989010989010989010989010989010989010989010989010989010989010989010989010989010989010989010989010989010989010989010989010989010989010989010989010989010989010989010989010989010989010989010989010989010258640858897124666008207314680646633397032463551190886283343390332e-02
1.07526881720430107526881720430107526881720430107526881720430107526881720430107526881720430107526881720430107526881720430107526881720430107526881720430107526881720430107526881720430107526881720430107526881720430107526881720430107526881723218793478225566117984753119004237906788685815959205512334500743729e-02
1.0526315789473684210526315789473684210526315789473684210526315789473684210526315789473684210526315789473684210526315789473684210526315789473684210526315789473684210526315789473684210526315789473684210526315789473684210526315789473684210419838689513282830425305911327186105785325396064256208616490101732e-02
1.03092783505154639175257731958762886597938144329896907216494845360824742268041237113402061855670103092783505154639175257731958762886597938144329896907216494845360824742268041237113402061855670103092783505154639175257731958762886597938144736445834338027394686846064961031371578850611141226429981084604096e-02
1.01010101010101010101010101010101010101010101010101010101010101010101010101010101010101010101010101010101010101010101010101010101010101010101010101010101010101010101010101010101010101010101010101010101010101010101010101010101010101010100854873237927334043879964079666101671857206003521221904425040517257e-02
9.90099009900990099009900990099009900990099009900990099009900990099009900990099009900990099009900990099009900990099009900990099009900990099009900990099009900990099009900990099009900990099009900990099009900990099009900990099009900990099010493677956400300552901345893924719661438285740284717610106313504343e-03
9.70873786407766990291262135922330097087378640776699029126213592233009708737864077669902912621359223300970873786407766990291262135922330097087378640776699029126213592233009708737864077669902912621359223300970873786407766990291262135922329870788378546260574532171962322246186158896659152954152859754463497e-03
9.52380952380952380952380952380952380952380952380952380952380952380952380952380952380952380952380952380952380952380952380952380952380952380952380952380952380952380952380952380952380952380952380952380952380952380952380952380952380952380952467357453715741726939447641925529640061665491891961518407703021432e-03
9.34579439252336448598130841121495327102803738317757009345794392523364485981308411214953271028037383177570093457943925233644859813084112149532710280373831775700934579439252336448598130841121495327102803738317757009345794392523364485981308378223925488653996219719747140247653922106078685367497831482288662e-03
9.17431192660550458715596330275229357798165137614678899082568807339449541284403669724770642201834862385321100917431192660550458715596330275229357798165137614678899082568807339449541284403669724770642201834862385321100917431192660550458715608926849473537050494727557088430131681549156884390487665879634986e-03
9.00900900900900900900900900900900900900900900900900900900900900900900900900900900900900900900900900900900900900900900900900900900900900900900900900900900900900900900900900900900900900900900900900900900900900900900900900900900900900900900896091299825850714087574695683330410709066529671258058958421998661e-03
8.84955752212389380530973451327433628318584070796460176991150442477876106194690265486725663716814159292035398230088495575221238938053097345132743362831858407079646017699115044247787610619469026548672566371681415929203539823008849557522123895641702872259782579145553924673707750003786019060207560643440571e-03
8.69565217391304347826086956521739130434782608695652173913043478260869565217391304347826086956521739130434782608695652173913043478260869565217391304347826086956521739130434782608695652173913043478260869565217391304347826086956521739130434781907527363216228662185148692220132335674629371869858331708280494e-03
8.54700854700854700854700854700854700854700854700854700854700854700854700854700854700854700854700854700854700854700854700854700854700854700854700854700854700854700854700854700854700854700854700854700854700854700854700854700854700854700854701122419655939316504194030023301255062144018866218435986406117523e-03
8.40336134453781512605042016806722689075630252100840336134453781512605042016806722689075630252100840336134453781512605042016806722689075630252100840336134453781512605042016806722689075630252100840336134453781512605042016806722689075630252100738116228526441915136923319130586868280283788766072048322177647e-03
8.26446280991735537190082644628099173553719008264462809917355371900826446280991735537190082644628099173553719008264462809917355371900826446280991735537190082644628099173553719008264462809917355371900826446280991735537190082644628099173553719047293881436792665891015710088409572221372081257527270156841295e-03
8.13008130081300813008130081300813008130081300813008130081300813008130081300813008130081300813008130081300813008130081300813008130081300813008130081300813008130081300813008130081300813008130081300813008130081300813008130081300813008130081300798105988423839328834786567819497656444591680520156787492636006e-03
8.00000000000000000000000000000000000000000000000000000000000000000000000000000000000000000000000000000000000000000000000000000000000000000000000000000000000000000000000000000000000000000000000000000000000000000000000000000000000000000000000005689908632921390000109946363222827181368625248200388608935888e-03
7.87401574803149606299212598425196850393700787401574803149606299212598425196850393700787401574803149606299212598425196850393700787401574803149606299212598425196850393700787401574803149606299212598425196850393700787401574803149606299212598425194677883131925868906585726238767706072734761009784181358321226e-03
7.75193798449612403100775193798449612403100775193798449612403100775193798449612403100775193798449612403100775193798449612403100775193798449612403100775193798449612403100775193798449612403100775193798449612403100775193798449612403100775193798450441907136230309877559356653375751872226177486139158431779841e-03
7.63358778625954198473282442748091603053435114503816793893129770992366412213740458015267175572519083969465648854961832061068702290076335877862595419847328244274809160305343511450381679389312977099236641221374045801526717557251908396946564885495866486384313200114778407964529921888857461420413786661596799e-03
7.51879699248120300751879699248120300751879699248120300751879699248120300751879699248120300751879699248120300751879699248120300751879699248120300751879699248120300751879699248120300751879699248120300751879699248120300751879699248120300751879699369049649435445638278755459584752211372786027953886402110722e-03
7.4074074074074074074074074074074074074074074074074074074074074074074074074074074074074074074074074074074074074074074074074074074074074074074074074074074074074074074074074074074074074074074074074074074074074074074074074074074074074074074074074069456771676826302656341852519564520691788115218337991092698e-03
7.2992700729927007299270072992700729927007299270072992700729927007299270072992700729927007299270072992700729927007299270072992700729927007299270072992700729927007299270072992700729927007299270072992700729927007299270072992700729927007299270072994463699940210030480614454231894326623291602661984525210675e-03
7.19424460431654676258992805755395683453237410071942446043165467625899280575539568345323741007194244604316546762589928057553956834532374100719424460431654676258992805755395683453237410071942446043165467625899280575539568345323741007194244604316540031249946780578938236987286440588667642036172215967617382e-03
7.09219858156028368794326241134751773049645390070921985815602836879432624113475177304964539007092198581560283687943262411347517730496453900709219858156028368794326241134751773049645390070921985815602836879432624113475177304964539007092198581560286258091323632345075433044804705832313661723975222957612263e-03
6.99300699300699300699300699300699300699300699300699300699300699300699300699300699300699300699300699300699300699300699300699300699300699300699300699300699300699300699300699300699300699300699300699300699300699300699300699300699300699300699300699299717971507038309438027396210826166229834973086205405970595e-03
6.89655172413793103448275862068965517241379310344827586206896551724137931034482758620689655172413793103448275862068965517241379310344827586206896551724137931034482758620689655172413793103448275862068965517241379310344827586206896551724137931034483133310084002463736722709999766422230703168139325701488348e-03
6.80272108843537414965986394557823129251700680272108843537414965986394557823129251700680272108843537414965986394557823129251700680272108843537414965986394557823129251700680272108843537414965986394557823129251700680272108843537414965986394557823129108637522400096053625521619593298685221795862609209475166e-03
6.71140939597315436241610738255033557046979865771812080536912751677852348993288590604026845637583892617449664429530201342281879194630872483221476510067114093959731543624161073825503355704697986577181208053691275167785234899328859060402684563758389316369145586283862603259600938621182266404510251528860316e-03
6.6225165562913907284768211920529801324503311258278145695364238410596026490066225165562913907284768211920529801324503311258278145695364238410596026490066225165562913907284768211920529801324503311258278145695364238410596026490066225165562913907284766126276363224799700914934304840745050232949767813642419e-03
6.53594771241830065359477124183006535947712418300653594771241830065359477124183006535947712418300653594771241830065359477124183006535947712418300653594771241830065359477124183006535947712418300653594771241830065359477124183006535947712418300653594779205260381601251742943606041944363541802030542282788146e-03
6.45161290322580645161290322580645161290322580645161290322580645161290322580645161290322580645161290322580645161290322580645161290322580645161290322580645161290322580645161290322580645161290322580645161290322580645161290322580645161290322580645161287282058412022554780596598755198320609182649744881120154e-03
6.36942675159235668789808917197452229299363057324840764331210191082802547770700636942675159235668789808917197452229299363057324840764331210191082802547770700636942675159235668789808917197452229299363057324840764331210191082802547770700636942675159236829775209507754711960859603871166294403282638361009733e-03
6.28930817610062893081761006289308176100628930817610062893081761006289308176100628930817610062893081761006289308176100628930817610062893081761006289308176100628930817610062893081761006289308176100628930817610062893081761006289308176100628930817610062449853631296365060490984346281592353893891194507455079e-03
6.21118012422360248447204968944099378881987577639751552795031055900621118012422360248447204968944099378881987577639751552795031055900621118012422360248447204968944099378881987577639751552795031055900621118012422360248447204968944099378881987577639751722083199595953034594269693001205063643883546544648553e-03
6.13496932515337423312883435582822085889570552147239263803680981595092024539877300613496932515337423312883435582822085889570552147239263803680981595092024539877300613496932515337423312883435582822085889570552147239263803680981595092024539877300613496867932027148105968272795148902810767233995874813065373e-03
6.0606060606060606060606060606060606060606060606060606060606060606060606060606060606060606060606060606060606060606060606060606060606060606060606060606060606060606060606060606060606060606060606060606060606060606060606060606060606060606060606060606060608531740205048520723333828809314095518084248955843711e-03
5.98802395209580838323353293413173652694610778443113772455089820359281437125748502994011976047904191616766467065868263473053892215568862275449101796407185628742514970059880239520958083832335329341317365269461077844311377245508982035928143712574850299391812803551094156449378426287170609645357601307582529e-03
5.91715976331360946745562130177514792899408284023668639053254437869822485207100591715976331360946745562130177514792899408284023668639053254437869822485207100591715976331360946745562130177514792899408284023668639053254437869822485207100591715976331360950377303612110016191809025907304457038540463970321035e-03
5.84795321637426900584795321637426900584795321637426900584795321637426900584795321637426900584795321637426900584795321637426900584795321637426900584795321637426900584795321637426900584795321637426900584795321637426900584795321637426900584795321637426899244713558217093637475924249693448714915746805836800e-03
5.78034682080924855491329479768786127167630057803468208092485549132947976878612716763005780346820809248554913294797687861271676300578034682080924855491329479768786127167630057803468208092485549132947976878612716763005780346820809248554913294797687861272232510709643452438591541930634273786611799231329995e-03
5.71428571428571428571428571428571428571428571428571428571428571428571428571428571428571428571428571428571428571428571428571428571428571428571428571428571428571428571428571428571428571428571428571428571428571428571428571428571428571428571428571428571428401451374819973819725547798109497366308606454124109e-03
5.64971751412429378531073446327683615819209039548022598870056497175141242937853107344632768361581920903954802259887005649717514124293785310734463276836158192090395480225988700564971751412429378531073446327683615819209039548022598870056497175141242937853212371262244721044730053547794362258768011333685676e-03
5.58659217877094972067039106145251396648044692737430167597765363128491620111731843575418994413407821229050279329608938547486033519553072625698324022346368715083798882681564245810055865921787709497206703910614525139664804469273743016759776536312849162011170974976186540342934022571593896272724888409586821e-03
5.52486187845303867403314917127071823204419889502762430939226519337016574585635359116022099447513812154696132596685082872928176795580110497237569060773480662983425414364640883977900552486187845303867403314917127071823204419889502762430939226519337016574622142463660152158872657749647335107670897305864449e-03
5.46448087431693989071038251366120218579234972677595628415300546448087431693989071038251366120218579234972677595628415300546448087431693989071038251366120218579234972677595628415300546448087431693989071038251366120218579234972677595628415300546448087431713234166598322415010684454880956515104838747214922e-03
5.40540540540540540540540540540540540540540540540540540540540540540540540540540540540540540540540540540540540540540540540540540540540540540540540540540540540540540540540540540540540540540540540540540540540540540540540540540540540540540540540540540540540563721899353202919837655888448686779212803140065622e-03
5.34759358288770053475935828877005347593582887700534759358288770053475935828877005347593582887700534759358288770053475935828877005347593582887700534759358288770053475935828877005347593582887700534759358288770053475935828877005347593582887700534759358288788927633525281877408764537309341220045877921261832e-03
5.29100529100529100529100529100529100529100529100529100529100529100529100529100529100529100529100529100529100529100529100529100529100529100529100529100529100529100529100529100529100529100529100529100529100529100529100529100529100529100529100529100529100546544314169170884481319636761829592253114814134308e-03
5.23560209424083769633507853403141361256544502617801047120418848167539267015706806282722513089005235602094240837696335078534031413612565445026178010471204188481675392670157068062827225130890052356020942408376963350785340314136125654450261780104712041884831720064142610235447880769259047047602298530056579e-03
5.18134715025906735751295336787564766839378238341968911917098445595854922279792746113989637305699481865284974093264248704663212435233160621761658031088082901554404145077720207253886010362694300518134715025906735751295336787564766839378238341968911917098458295581478127914932035742013913776994669684499364e-03
5.12820512820512820512820512820512820512820512820512820512820512820512820512820512820512820512820512820512820512820512820512820512820512820512820512820512820512820512820512820512820512820512820512820512820512820512820512820512820512820512820512820512820523043695560662561096152283805893450252175317994146e-03
5.07614213197969543147208121827411167512690355329949238578680203045685279187817258883248730964467005076142131979695431472081218274111675126903553299492385786802030456852791878172588832487309644670050761421319796954314720812182741116751269035532994923857875640439887387856584201636820878286874771426430957e-03
5.02512562814070351758793969849246231155778894472361809045226130653266331658291457286432160804020100502512562814070351758793969849246231155778894472361809045226130653266331658291457286432160804020100502512562814070351758793969849246231155778894472361809050420193611907507315021056816569027649183938348159e-03
4.97512437810945273631840796019900497512437810945273631840796019900497512437810945273631840796019900497512437810945273631840796019900497512437810945273631840796019900497512437810945273631840796019900497512437810945273631840796019900497512437810945273631843360155767778656432088383332145100435945498229026e-03
