-3.5663790245600214302795119941332954286722553332631707019073892127468716510380293517430922032572409805108300808950683353566353589520281099190687138041328e-110
1.3617083548320081800050854976904078023139413738988696968164031304982593612910461874579108900008950578564630248977230717342834558632690170570970347797754e-110
-5.1992500820858494633976817397706927216158239318926634107986344259771268117736587413682817391782396537430586428197974830106646039207494637896913339292666e-111
1.9851682131600515412148184831668431365773336026067620833889993748267621897633179234678790767615079576683178434926766975618156009195004260604019151714159e-111
-7.5797331775201977305580465199016716417211565629051221559150931043192138512898832761533262298024045743517982316952971834929583961229420466783857204944709e-112
2.8940799405077107272679715249275899297173804237556390768555513738839377465545308145517584811749257777317876586433527865101256936824615165168225899191349e-112
-1.1050123409211272275398823265394662012760966925410703733304014164565364844874583780012196504526927947812105301924225052262681171137627447510718628142105e-112
4.2191380289715619565271254586867681149957595250549252103919449315810179469835994231588261509819537250774668912566141657424675551675421280908446167846331e-113
-1.6109436110618851223239014845784618191397143954839572373274386713547611743990980411854751469130714008134803591397701575002100662269701129858951436703639e-113
6.1508756058724815867102462843751414750898113305769670727380686219754343419604925797846724589971732975138910197092259158590273975061391332905469600250602e-114
-2.3485161404242154315192227705345495295802196224843773060585397156844600068235262102708212690174304955968964557799686535382274290871203378732720328800766e-114
8.9670616270724427361560918982340808813586901001538909373390913574681146318283211507842388857122444579694104289498255636939038179674690789453836562564092e-115
-3.4237871667023046206509068491610512438970228358563859383605050091239920956136483506486000249666708295039036369537680066457883168342778075920962172433988e-115
1.3072641909206851388138677424791686420636915916240142429069533428434080273357286866417564991073276280528543482959575957764425876125387173713007904284425e-115
-4.9913723653546778641279209590190474696995408562142634299818995485924204256306417136688746350338370398486693524744004921450531435368385596868237006898743e-116
1.9057967212949221405618359818466599981833559906994793600400757983341885558120110169496197591440213002712857225964121959880644907336176046243768028086492e-116
-7.2766783906264267226310735645137389895112270423264049484910877873456282936128623289618400000357226149273334762118452641842203198784193239503176094287221e-117
2.7783681125530413400744329389609879311431167401372856770460414211304138837168182992596310994841979623988608127655082665961915738159187739631964180416357e-117
-1.0608314613883821915520274626468732303673175171994787195456191307418845412265776814612873938463845021936279191177111422286482483495974088821175363054439e-117
4.0504473957193688227841308022047591247663683410872432310771524335004397225145225204248214964902174252833660908327925587439289849199985063568764042927724e-118
-1.5465344624528553574691731635776333451612824025103653507971806253192461042372121772633217908680520548850565569714656830047627868851596477327334710973397e-118
5.9049497434794600038841126897339387794150375929458664117895997221759350640718639028481625911654595755886326008289337634643048546512031388391476279058018e-119
-2.2546171963768685915302326541819971286113887929540355439629677696944178139023969075519465383763131976555598938729091017246203897186911383958176602134522e-119
8.6085381769043765865772213269555246009114805819006739102363844675253019207326767261663919158470493225972552212956012729014717168919715813964805843795544e-120
-3.2868965961347276506043024181229555082665515544440553192855943563835937776208430176613636608731716563856269496124404040563348743920142846381500261121353e-120
1.2549966878554012872453506473244091190918465321856847102453779221196222392790218161334689129025057658267395395926496185751536683089939722921644722900623e-120
-4.7918074106867691965543639063048650657867987937520822861272993926868437079774066043554102630416481995996551109701627508744020896363180134108656155342366e-121
1.8295973860696628450559349374412216235718154395314773600720344116764370244615485919605976193395567041549686571228537106948303344866289009488063310430198e-121
-6.9857527469441931934681475405172813185908112595778683168505422031028448659092566248147893842825619888806215502297221672176709865891579190255582511283658e-122
2.6672707383765171913798759769684208862048908289738009663526844495965107387531104083355466484266255443458465945577126876970604667350335376945887810130464e-122
-1.0184284859480914322870387698491579836957986676740467651103600995255533663059177307862950766366360702920351898190536943928225271992038714211186967633488e-122
3.8883889994306419272147371949720755519407026930331874610207539605067559062300339977241629751700762196864500034975788308141494575851943644171510681930571e-123
-1.4848087342981828166517538125359036766006532535009779790670552867532826124879182393325380615862127934917184954743211460115047983490300290822036146827736e-123
5.6677888702089676499106329239120600540593724642912093651670141345170987723988209481903344511216268831133294763233235879896316141863145398936003200209898e-124
-2.1654627421183071830327494224103141577955737235925550528360369530803873642783327372280481508404535947475885327503291801524150198521728687217309937193005e-124
8.2547659544837111870966884924322831999857110479981359128153259368371783469283747623125765615178586281731962143488618019145063467307564699646130895732013e-125
-3.1644958655709062978463969398119806047155263665036260923681342980698509071689086710468042595786618954681887229567290081615639910482246341086117845091984e-125
1.1959701549694573564093838092885852743730536045780979207105006357603046033205827465965897507908529639843756968521981483567984762466592794300962563532755e-125
-4.6834451969337060516769308889764549653946810430627099558134437327499272035091283534934624832157187479052080274818315787185253795145332795151765046731244e-126
1.6756873484427763312637705697448228353827955075689473756034930478593480487856577316510169817973360954998243517184471187671775181373219308509176004837364e-126
-7.4583647490934787328258731065913381496227404706389854564855417316384345971988036367563128832153515718305259057410010474399710392897138264132033159132345e-127
1.8413978447426647282247093227375772713939746039983706160725282226345342620264673512271730396020343422169831615640135912235483178934787630237211663488118e-127
-1.6623817620335608284628017462169136332655195907416541256881538103651102538637101110171527716221867561846962384905465325990151994282908479199878984545272e-127
-2.6688840777966765258927313364919298821011853145133074547426086711473320338117956037097244268713285950516462035748705579619856185030590521577844189395652e-128
-7.0533278045845423271761353870293184304721598913675702653743729345573775795490197243568103648162278649150152297612901332160079333870794924821579370787774e-128
-4.2142811932689952221786301830401464330266568906743516018103606714021769165976772175027709473295937013429605450482669277280527708501222919444230569537045e-128
-3.9476460573100711625772552978601363327166978213098628064108301348501596229080382097867502980706557567888602867707036500377794707485691026893336159746177e-128
-2.4224377906217973461744166492612533784258164594135866900404202415011993109573081227671928399051727284750491765518470215332702905292964128562532537049646e-128
-1.804147574945109709729618002115189888165572172502799151445614018361595408962149014183770872610980190943951925055720931512750662337900617336028697857434e-128
-7.4571256773860148499662150810385948178886900800881954824454886886950977380643416226067090975119745959442538067051243864227256151453178240556850010183728e-129
