2.4337031791591472e+16
-9.29232122951674e+15
3.547977196724574e+15
-1.3546822023857462e+15
5.1724229545637600e+14
-1.9749251281061625e+14
7.5406232164053469e+13
-2.8791470462638605e+13
1.0993106903916561e+13
-4.1973680905863213e+12
1.6026314527693208e+12
-6.1191382742101343e+11
2.3363982501529562e+11
-8.9207933187658707e+10
3.4061210853470047e+10
-1.3005189598597607e+10
4.9656178467371664e+09
-1.8959631778450725e+09
7.2391321335904324e+08
-2.7640322691891193e+08
1.055357775508628e+08
-4.0295478701232426e+07
1.538554641320255e+07
-5.8744813577629374e+06
2.2429837911515608e+06
-8.5641199297916726e+05
3.2699367005285562e+05
-1.2485212855906416e+05
4.7670812729443438e+04
-1.8201583034932832e+04
6.9496953481657465e+03
-2.6535200341231698e+03
1.0131622031112724e+03
-3.8684374164132043e+02
1.4770398310593944e+02
-5.6396056850048467e+01
2.1533049733033632e+01
-8.2216996179031661
3.1392051336811244
-1.198594388311254
4.5765683408865176e-01
-1.7472947689319684e-01
6.6727659516946591e-02
-2.5464492568920694e-02
9.7367503005092448e-03
-3.7030882917262753e-03
1.4291584551109349e-03
-5.2971515295996419e-04
2.1897331835618594e-04
-6.6086901376327667e-05
4.3609742674588503e-05
2.6397367347552603e-06
1.9258985164416487e-05
1.3969339184738416e-05
1.7135960970637854e-05
1.7062145238000426e-05
1.8539055393063109e-05
1.9638349335826533e-05
1.960678817614081e-05
2.387805975745394e-05
2.0643657838048668e-05
2.2453243971209957e-05
5.1188814337521649e-05
-4.6692465749398337e-06
-8.8715976018671761e-05
4.2797584684151069e-04
3.219552644697643e-04
-2.4516446494071698e-03
1.9190711742980149e-03
3.681989776890271e-03
-3.449931759178404e-03
-1.0325739179367632e-03
-2.7480485787321207e-03
3.5784546230945846e-03
-7.7018718416721477e-04
3.6379243926072391e-03
-1.8309633760974497e-03
4.0498369807804302e-03
-2.953133139660169e-03
3.5244925721633624e-03
-2.8020188219325393e-03
-1.5888386314100167e-03
-1.9257315803522523e-03
-5.6543355506585291e-03
8.7949713634269955e-03
-3.9230445226801081e-06
-3.9371493648194811e-03
1.3892345281236729e-03
2.5103277526805634e-04
-3.6577811991611586e-04
2.6157035207363677e-05
-3.7808213568801818e-05
-4.8835532849511587e-05
-3.8863313272630151e-05
-3.9562844446727752e-05
-3.7896908136936247e-05
-3.6627901288888154e-05
-3.5388111482625995e-05
-3.4214531743459453e-05
-3.3104611937839756e-05
-3.2056566097837802e-05
-3.1067642491278136e-05
-3.0134642836743275e-05
-2.9254187579930147e-05
-2.8422883096235196e-05
-2.7637423578363851e-05
-2.6894650461906089e-05
-2.6191584317714067e-05
-2.5525439019014051e-05
-2.4893624654964697e-05
-2.4293743461356598e-05
-2.3723581591861276e-05
-2.3181098582125692e-05
-2.2664415717632558e-05
-2.2171804084925029e-05
-2.1701672794138815e-05
-2.1252557672934991e-05
-2.0823110600143302e-05
-2.0412089562715785e-05
-2.0018349467632035e-05
-1.9640833702538885e-05
-1.9278566417257892e-05
-1.89306454876359e-05
-1.8596236115442366e-05
-1.8274565014242405e-05
-1.7964915134505155e-05
-1.7666620878209471e-05
-1.7379063759981328e-05
-1.7101668472241371e-05
-1.6833899315615852e-05
-1.657525695886175e-05
-1.6325275498108027e-05
-1.6083519782883471e-05
-1.5849582985838495e-05
-1.5623084390403719e-05
-1.540366737595722e-05
-1.519099758040543e-05
-1.4984761223635346e-05
-1.4784663576739021e-05
-1.4590427561356201e-05
-1.4401792468810015e-05
-1.4218512785935111e-05
-1.4040357119382563e-05
-1.3867107206855245e-05
-1.3698557010277668e-05
-1.3534511880575195e-05
-1.3374787789732778e-05
-1.321921062269471e-05
-1.3067615524220422e-05
-1.2919846296810533e-05
-1.2775754843374898e-05
-1.2635200652533207e-05
-1.2498050322107268e-05
-1.236417711725224e-05
-1.2233460561561493e-05
-1.2105786056926249e-05
-1.1981044530817719e-05
-1.1859132108438253e-05
-1.1739949807521022e-05
-1.1623403254557019e-05
-1.1509402420006865e-05
-1.1397861372053342e-05
-1.1288698046008072e-05
-1.1181834029261317e-05
-1.1077194360997744e-05
-1.0974707344124646e-05
-1.0874304369301591e-05
-1.0775919750738439e-05
-1.0679490571874339e-05
-1.0584956540493629e-05
-1.0492259853611685e-05
-1.0401345069799284e-05
-1.0312158989500553e-05
-1.0224650542900449e-05
-1.013877068356539e-05
-1.0054472289300342e-05
-9.9717100685570159e-06
-9.8904404716160244e-06
-9.8106216074311803e-06
-9.7322131655808164e-06
-9.6551763413277314e-06
-9.5794737662302509e-06
-9.5050694417508907e-06
-9.4319286766397781e-06
-9.3600180280928313e-06
-9.2893052455744751e-06
-9.2197592177489796e-06
-9.1513499225204242e-06
-9.0840483794041305e-06
-9.0178266045626287e-06
-8.9526575678400278e-06
-8.8885151523498962e-06
-8.825374115617457e-06
-8.7632100537193836e-06
-8.7019993658676853e-06
-8.6417192215471061e-06
-8.5823475290958129e-06
-8.5238629061734628e-06
-8.4662446505623379e-06
-8.4094727137440373e-06
-8.3535276746982134e-06
-8.2983907179201566e-06
-8.2440435179575999e-06
-8.1904704468671596e-06
-8.1376231152452405e-06
-8.085800595303283e-06
-8.0329293028480464e-06
-7.9863305374461291e-06
-7.9458960571265891e-06
-7.7812549099665063e-06
-8.028114489078142e-06
-8.3745842255344982e-06
-4.8740756297682708e-06
-8.4941284278494678e-06
-2.0619480261441225e-05
5.882288244718481e-06
1.5920360378673948e-05
-3.1649750816487021e-05
-2.1288829799015474e-05
-2.0358580488655242e-05
-1.328355845220397e-05
2.7371692155053751e-06
-7.2150387454561482e-06
1.0472337630851314e-05
-6.3869957356299523e-07
1.2308614488976133e-05
2.6685444975971251e-06
6.7225919906377385e-06
-1.4882427247009389e-05
-1.3421560824178336e-05
-1.038147826448732e-05
1.3387754764337956e-05
1.8706717632710479e-06
-1.0424691383459361e-05
-1.0986238226928791e-06
-9.6225273427119618e-07
-2.5835526654693908e-06
-2.2582947672988851e-06
-2.0600272340187686e-06
-2.1185807075330132e-06
-2.0878499815690787e-06
-2.0465346005638096e-06
-2.0243933864794172e-06
-1.9892824054679181e-06
-1.9579640706535173e-06
-1.9258747920858355e-06
-1.8925551956705533e-06
-1.8591354041808117e-06
-1.8253304051585317e-06
-1.7911918772650637e-06
-1.7568005871160253e-06
-1.7221868832129061e-06
-1.6873858119659246e-06
-1.6524277119955855e-06
-1.6173385117834727e-06
-1.5821409604654946e-06
-1.5468548525410242e-06
-1.511497469075529e-06
-1.4760837839800089e-06
-1.44062699891645e-06
-1.4051386365565577e-06
-1.3696286765840782e-06
-1.3341058640037318e-06
-1.298577786523758e-06
-1.2630510208833101e-06
-1.2275312540888095e-06
-1.1920233760065457e-06
-1.1565315684025634e-06
-1.1210593818811176e-06
-1.0856098017208993e-06
-1.0501853071609446e-06
-1.0147879242472513e-06
-9.794192710188554e-07
-9.4408059969630642e-07
-9.0877283231982631e-07
-8.734965933898664e-07
-8.3825223951006222e-07
-8.0303988458929609e-07
-7.6785942393353679e-07
-7.3271055456292089e-07
-6.9759279475167801e-07
-6.6250550057045388e-07
-6.2744788165147725e-07
-5.9241901484430315e-07
-5.5741785731644455e-07
-5.2244325787764723e-07
-4.8749396763803077e-07
-4.5256864966702892e-07
-4.1766588765312918e-07
-3.8278419434156774e-07
-3.4792201919486843e-07
-3.1307775494315848e-07
-2.7824974468959596e-07
-2.4343628723944022e-07
-2.086356437613901e-07
-1.738460423394983e-07
-1.3906568385735341e-07
-1.0429274643897202e-07
-6.9525390111735419e-08
-3.4761761913415512e-08
