9.6801016017970645920794980255864e-01
-3.696038793413424662427719805515e-01
1.4112148120305803256537942005029e-01
-5.3882747368440339707428310217317e-02
2.0573412631586311525693881346374e-02
-7.8553030047875007650218857478822e-03
2.9992975109188639281260894654518e-03
-1.1451863223508389534735222432245e-03
4.3725295944304759991483475347343e-04
-1.6695112996916362918907080787274e-04
6.3744976897317022264669143965943e-05
-2.433899117897559000486555393525e-05
9.2930693592452244618367863119742e-06
-3.5482628462572671581041142530571e-06
1.354791268570957086163368023108e-06
-5.1728393890891203106623135984196e-07
1.9750841303794908884999954036119e-07
-7.5412303159944234263576246890341e-08
2.8793788479250917182411222153956e-08
-1.0993991964804523931047008830612e-08
4.1977060229255604740616957295665e-09
-1.6027604814809729265438202667802e-09
6.1196309292875751750584767307006e-10
-2.3365863548099249065131728235364e-10
8.9215115364685528002636129877555e-11
-3.406395313936823510389238444072e-11
1.3006236654104614540244149449518e-11
-4.9660176323745707199926199230212e-12
1.8961158235188634347902026621303e-12
-7.239714960041185858045640959447e-13
2.7642548030005682486379078626456e-13
-1.0554427473801293617116553731442e-13
4.0298723418606378187404548979763e-14
-1.5386784980457357313562392676703e-14
5.8749532843761340294287275563029e-15
-2.2431631320433479232481540888122e-15
8.5648046656972510857579724306364e-16
-3.2702040089932930227424980565635e-16
1.2486294714158665195658897661267e-16
-4.7674925290831858821723750899013e-17
1.8202862607792377143588957105249e-17
-6.950299905806645153069115979874e-18
2.654538544398713854402744595429e-18
-1.0143502778845333589321839708253e-18
3.8717653988854257634372869987128e-19
-1.4686097635301242098077379753917e-19
5.5138734360568850484196250242348e-20
-2.0730208265801914955583201925908e-20
8.1696845661852231056749337432613e-21
-3.079318713135314204942220618103e-21
