-1.0420926966237457685238e+20
3.9788993871088474797938e+19
-1.51921612962337812865e+19
5.8006434040165346730312e+18
-2.2147911178972223296973e+18
8.4564751774257579861328e+17
-3.2288359768352894128857e+17
1.2328282820643832303748e+17
-4.7071625315185541523438e+16
1.7972802393070843127106e+16
-6.8623427318997764667282e+15
2.6201672249071873782082e+15
-1.000427485873653362586e+15
3.8198140369721310207701e+14
-1.4584744504802682079363e+14
5.5687206291064786121249e+13
-2.1262387856588372882694e+13
8.1183662725155605551973e+12
-3.0997398495059413028881e+12
1.1835370334477230429184e+12
-4.5189595822549425275112e+11
1.725420931406432601409e+11
-6.5879708290063790235843e+10
2.5154070438024356271897e+10
-9.6042814399729360310739e+09
3.6670892770805755754991e+09
-1.4001613603398561288122e+09
5.3460706485703597643078e+08
-2.0412269749086828183999e+08
7.7937757223786071065433e+07
-2.9758052758172863019695e+07
1.1362165598575091901026e+07
-4.3382814103650318106205e+06
1.6564347203211853765747e+06
-6.3245689321352101638318e+05
2.4148354104510366480252e+05
-9.2202806580703487688955e+04
3.5204707966773641111269e+04
-1.3441797586255334901476e+04
5.1323227119804634500655e+03
-1.9596141191336575816517e+03
7.4821628102149081656399e+02
-2.8568253023472957870992e+02
1.0907865386471933045608e+02
-4.1647871752384879612252e+01
1.590102015585728663152e+01
-6.0689558322050385388803
2.3111018479718593213095
-8.6635066569146744150533e-01
2.8870023625898583220388e-01
