126923745713692220
-48461793817955200
18503594003219250
-7065008619410988
2697548745593285.5
-1029973157408345.4
393262478283186.44
-150154764435398.44
57331819148061.29
-21890330947441.51
8358126361750.462
-3191284610850.1206
1218490487779.1868
-465241822606.551
177637786813.455
-67825336783.27755
25896946771.83596
-9887925131.027838
3775389595.5181046
-1441512390.9831085
550395640.2247566
-210151062.60161072
80239496.6579445
-30636898.69701642
11697724.982751563
-4466404.059747325
1705354.300875576
-651135.255991032
248615.30115173542
-94925.82154748212
36244.42446718243
-13838.761166882035
5283.908957130207
-2017.4749018394439
770.3255174496504
-294.1080334032565
112.31141024937902
-42.86754078604395
16.382005047524903
-6.241131366116369
2.396225241689869
-.9022305260657354
.35663407852593765
-.12456089558778569
.05863674345321008
-.011838544146043642
.01454535117514223
.003946830076267507
.007466892583615597
.005591961903871246
.005770224747982927
.005155158217932723
.004830668233043168
.004379616359623609
.003957534771545338
.0035007774060936705
.0030287345380137433
.0025279730029275976
.0019972517045665403
.0014272929634118877
.0008150967409469107
.00014053858637802407
-.0005863052047880549
-.0014314147178727176
-.0022880567045301466
-.003443974012559773
-.00468271620472852
-.006117403134648514
-.006949839732188059
-.010767051649653863
-.01466626842391827
-.014604027895263647
-.01799554048698122
-.027882171181308795
-.05693885186145322
-.13668648733698324
.06300371475739876
-.822018462661045
.5592178698138573
.5201988954146008
-.16696640838165674
.06224426763351945
.03590322370311755
.03424092896433042
.031614201423022494
.02932008992021157
.02732686469962684
.02560032672183148
.02410015608941369
.022789400676109364
.02163671139699973
.020616272930567326
.019707051576238678
.01889193995804932
.0181569879343155
.01749076526021639
.01688385135251885
.01632843276673073
.015817987238339236
.015347035648167131
.014910946740509263
.014505782682183138
.014128176265881129
.013775232707837714
.013444450644843994
.013133658196453983
.012840960914195333
.012564699163879716
.012303413036912247
.01205581330518861
.011820757254426273
.011597228476874114
.011384319894489268
.011181219431294864
.010987197868930204
.01080159850987475
.01062382834423546
.010453350472607746
.010289677582669821
.010132366313318715
.009981012369276211
.009835246272604486
.009694729656706735
.009559152023956203
.009428227900884623
.009301694335345969
.009179308688757779
.009060846683685923
.008946100673038746
.008834878102095196
.008727000138795182
.008622300451203055
.00852062411403585
.008421826628625784
.008325773042825198
.008232337159148694
.00814140082099701
.00805285326810942
.0079665905535285
.007882515015318729
.007800534797124355
.007720563412360835
.007642519347469155
.007566325700190342
.007491909849299973
.007419203152638581
.00734814067064444
.007278660912895261
.0072107056054495884
.007144219477009799
.0070791500621493345
.007015447520023635
.00695306446715804
.006891955823041213
.006832078667393151
.0067733921080780956
.0067158571587466786
.006659436625371349
.006604095000927484
.00654979836753847
.006496514305471891
.006444211808428325
.006392861204615924
.006342434083153039
.006292903225377395
.006244242540683914
.006196427006540135
.006149432612365815
.006103236306982697
.006057815949373405
.006013150262502579
.0059692187899812845
.005926001855367959
.005883480523919666
.005841636566621434
.005800452426333908
.005759911185915155
.005719996538180407
.00568069275757708
.0056419846734591045
.005603857644856246
.005566297536639441
.005529290696992157
.005492823936103759
.005456884506007386
.005421460081489871
.005386538742007324
.0053521089545436815
.005318159557355478
.005284679744547549
.005251659051431566
.0052190873406188784
.005186954788806713
.0051552518742141
.005123969364633544
.005093098306058894
.005062630011861599
.005032556052478598
.0050028682455892995
.004973558646748881
.004944619540457618
.00491604343163852
.004887823037504499
.00485995127979145
.0048324212773398255
.004805226339005128
.0047783599568804805
.004751815799815442
.004725587707214876
.004699669683104906
.0046740558904511025
.004648740645717048
.0046237184136516205
.004598983802257888
.0045745315627626374
.004550356123701456
.004526481190328186
.004501780673195488
.004500491651136981
.004281379862922294
.004478324798820116
.0067537234928628734
.004590008326483781
.0004893691674882835
.002924415867518981
.0023538218644883727
.002633474067625576
.0027533253513358407
.0027921132975997774
.0027948938619154315
.0027868026048572642
.002790985368046471
.00279028271782139
.0027787812028362328
.0027679150096886823
.0027557687394929634
.002742492822566704
.0027278020636187375
.002712611854519194
.002696734299751096
.002680422986495846
.0026637139788673082
.0026467105886558116
.0026294618107917545
.0026120213481472857
.00259442776619446
.0025767150419930378
.0025589107395187654
.00254103798598919
.002523116296281422
.002505162085395494
.0024871892982471886
.002469209782176182
.002451233630738026
.0024332694705485928
.0024153246684206348
.0023974055314095128
.0023795174500285893
.002361665033521094
.0023438522133958253
.0023260823344307137
.002308358233015274
.0022906823012398625
.0022730565433349216
.002255482623243234
.002237961906073223
.0022204954936678066
.0022030842555043955
.002185728855596673
.0021684297759359127
.0021511873370124533
.0021340017158249743
.0021168729617126875
.002099801010326586
.002082785695974505
.0020658267625627193
.0020489238733125267
.0020320766194075537
.0020152845277082864
.001998547067646671
.001981863657402814
.001965233669449195
.0019486564355385566
.0019321312512008274
.0019156573798065322
.0018992340562480248
.00188286049028181
.0018665358695726057
.0018502593624726649
.0018340301205687778
.0018178472810229415
.0018017099687335698
.0017856172983374166
.0017695683760746805
.0017535623015337391
.0017375981692941398
.0017216750704820902
.0017057920942541436
.0016899483292216566
.0016741428648298642
