3.64179659033469249032289650749272991351819533196239563550824662056331816588582374807742733447811886778426237370131847200154760052689338573544163619667186330352510545446647749077293526553272843036316895186504685564215135299265902053423785957822551648177293060387454375413147010639799701743531934077162325e-282
-1.39050391263526326366235771433605965551669320472105227093020721560054971629259438166218939986297071939643982493387186182183780629357616959670753258872298217255872539742729347915410631623795365857454676835169662144182252875878874913223058112430315980144566251912769976296644932214924304177429158579290578e-282
5.30920150816324327920129796122673877694785900186263349755626063702984004816530326360861866983249556790874391433883242710484002064031665351095440214003380333414355666682518540618201382747852526471984294192434327917642067438678059142553356394045414798287919535561931420488062171665772224337998083123580658e-283
-2.02714288047899608283174901038429722524585747240035982475380912780502475937780931899386999548684021103866584656121033871766897291629372383474519313653498368588673021206930258819951834559478076628155828494567725120934833610751293907009698042434416308094948052998110110693656462189801497877823738159370282e-283
7.74008652465756488239112159530593551402464351312578353851630021644262761302550068553885663565765328241251657185899735031594219360958406888474974071447758381860480755272227982857922657027838386220502104620378325791990171257680703536671016311876789255782439746513449364418912369144731815188675917884808246e-284
-2.95520122208087363081674618923043834872669800397735729167344354152999865272889022122642950725426521381586187126598809710999755315335551695755776651875655633011731318406520342141422322936222089186713122444520428309268800378547244302944353811015878582938329305712975757762732741958018113012970478960384863e-284
1.12847320156619677062675472599762532070987785088149058397438150868955982946427337956602272658007171744581665017772481560687948884347400615279302668023399642240741525342239305854174837850182474348471671602803791404879829880170065988707633847602035507878515630794071701158758393444214235243796289271805843e-284
-4.30732365536297979756476233021852781909209880433582439374025212051990835956207030289769435087927722127873789196792045607640085681588933882056350592383687758569922456348999372147456553762113592301091141803105844239047064179145465939339238522057715309243627575098708325324846028831250284830774277738765181e-285
1.64617068508251058469178237945531666478555311693098699866032394560435096676081564338340130499225113823137882143775763946855352910658794213545954394820098277908099025023140400341187353415587610987306245729017416448804872426687919674165913157744185082835516389205434844168277596176317570380616740264919733e-285
-6.26831043498369641038499842318227185087756123631078948198652089318136169064954581010153579568371705222659783294601670145112063032435423838215756481230066227308855709680987956975944753855552744141449643349829412054257092910489089765525468148164686711723240512736611879970058455146953673330954436741986761e-286
2.41200539163094582364633022539373476800366004258506058986031405250645928118550677343607384580879528196573649716439636727647522847001244129024922785859387708499351276362427997563303456878115411445076925459518723797236191393900693370737506149628269070568790763968857244920862661027773025075074213865112613e-286
-9.01294892497416229331331464893735987438516905453344964939772606441949491811050422070051549594985951661868447919061478869585151220237113128193494909457231093558281518174716857363255392601474817169917567103305284791633006743475115826258641148365086590831494129756585488101145589532028174327257318123600688e-287
3.64917365487747145985398581137190854776212150493317341849282054608704489236437171855178057876798301128862283601916933117955793101339717008922244196280444629036426320392439930216634852140345828691956773743357951880357958840726520361108194723764232750223422442338269363922825599544723042737790255006564063e-287
-1.17901301240585219565653912200962836063900664733104854211396348497407145443278465572332283130538060325703925349233905450284079856906471375009742582467037196610642641422662383181550770687678199694786604174625921461545878066028904606807205860256509162600583808059391707068417420567893620640274306150970183e-287
6.71606995835938781362882347371316343769585505269397591608834096673925204898045654281379785095407872391326405287414169772429069095289438091312025282990057661783548098364891185368011206638167781712701071968910362216740772686955731156927026419147157668571104901685134137022470438266717533180316180878007834e-288
-3.38296943869239805910804947299543028094895076664468299272173448757383223484200757448892994593104936570452645096622513081772352884615113946796643907153131527688467903343058741832470349585100301065471523867111086654104109603124377346039415145560507640808592370591107568527956037307502094541946787871155148e-289
2.37653211769742669858797799431742468595787174490487352177478817080478922580468342006935417290337353201421116998404646158336382049997603412211319079023472296602512693558465021708131001693974120668585214946831053086931121361612127166062586811593299262450467111155729391436332887783322340476267200098930955e-288
1.30167623117127257539377306465542137844276826162423614673952387458667165953855477945724703988424864125046034374335910608149839781509156578436333199937088223281591011355705795199515953388418802349312664834908122788910037135509469172255431810429615061646372284061516738742410503956294844739462198638551829e-288
1.68571947051584024313527221983169603036160547654419030367210000064459813137074291873826961521271333461102959227183656730069518534890748005911785859649706578829971595191261368694155178043272807389016725321564302988312602301852865869209462393806904924041012845241478289456377077730978395193115510340796911e-288
1.4342256061088743440345214668751715558425266721118408638465054414330344505203171388771381098664850426562638189855635165902287967310686438087375501484130141570131394166931617340217301790949647830260803455009561872067561146364015105254412433090420596549372685073325883463048625218478454966514505955142232e-288
1.42642093888649873735346929141946124658260148470125522600382641406176760622957354797368637722340511536036875776305640484170272595137803880021283271159320758960427375727090834493689948106258283175985823036307533526564667578462392174975180602192745299105223513497212934209048923499090377560481000058908911e-288
1.20112008173282977673577611218088532810929375867400626887955145513341073082663121419653195344679345706709704667011590484493678787064427652173008634597936261783478653579721162173066674249255874795766979606628452810784780685556660574499411716140330233710650844727691408356751448156415924036841722616700561e-288
1.04466321408131571062564717265179574127135134518894956703768296482341032934190594149777817235988983954027969072766400227293840639350368559107768789052590759119381518916956359069269366946460503773503270924200719091863128163744688792008642859030650368835308440933441037310320484235131440483275513365657394e-288
7.29137314371367943522749244021670779020912141141594573459882530030897131106861238689794953229014240478936512825242170007071873565463009086395262428247842157274708744700127022681762171259959999401738509750871108764335749202748662325562378880974208227304591848358293348336050486257764719694472943884111226e-289
4.45498905920424503233829901299661170533510608285021365826880254651496203044754839951677097673022359659216127187233494422645901609859811190184697484124922223963617123825341222030080782301667753041632273202461210456286921704216913693850507586267257916033232726283004026922887734319590520211906258182173878e-289
