-1.94869887847044687354455385432502539653340876299766566334632942295140483998700921678121998106966387987607909850983543226346668249581726028250883355865553046592636124485582989756237305571826773124171136762359921513719454772787185167028491876284583973687078725830563905591843139317653917404117709907889877e-219
7.440486626887160789897387443786460604619426615323595317899309795074125522860545389245605874042004712558151707108994197785006997721353559343578149746022347067781516984340053853041544572226788321979102741139275393716320233024603420098120188699677485530053277495355952016844776588269179933430815611049788e-220
-2.84091307572055230159718429671846677695494423327415913870421111448266176550647228549720256168655606536874892072420539038423997101712471783477983267565327561450653718017235259644651025186768385743435414797107159477666730336637159311770664513705050988600186306903877709183000231861804689559975766001255715e-220
1.08471226527511996970074309511068731392113676121624989290190129863430518192086761135204498301491848688677583244975523605027534620674105538784650280610266913947030268110648015286815623776287369307726990339987135987689625695371589485744897506116264179119367763034423517587394107084084549164858793841479552e-220
-4.14162864923227624794829181769535157401353675237654885484193885760222565093608188996729765845280092525142027250239240315451129878588128370449557729447862615784070390264591511025906653856540683478855443454476214432656484912020084347352035224898636425908955197340341140979317742768986925391770363057701612e-221
1.58134912061596002194389323948367967716799562233158521020225789187507357256853753950502836347657763078522553973942530436071032969379881077009061354979291110814601342882502849116308617925093249819317780950926602179770787419377172352892659409822175169663397573816536168620694887992481822301487215046278214e-221
-6.0378784605336655383312287325740498529041750100214613643337055219030620116646022873732417097609958137406840308353734017614068774130998405625543313413504371531071251160999354394808990263455906947743270820096411163736331130909232083319329319507543824559630334376301966087417512784210510290082445073962552e-222
2.30537177584012684190828733425554609992300447659327811327914767447088458265212003516835564257306012773395715104921251462850121760757323381661300886550694445730544952430628450723100927371472201203825199620526642928983660445734392776263072826432306982835679499538058269524728676785350107396584215412134219e-222
-8.80232859866230248728618800352117840790119521037982191920539618936097588421432499069189230487429133817699438032200132673342792369346135824439282349573092172375539128199824369663645756520146349565473126824917542093209972832326002131054174841292554316092781665149450758295917786008696680563286030549450347e-223
3.36088910130742458605472632861717453562250639179954361695141832444281821258267370041827347919759177855740176593853159001617119458238498537957290377893100790385360261347525258965587976338727948683077938367332630340739039297678046035055408120804024873538039029115434888612090561817568139124215575536553852e-223
-1.2832485659537439328572591436538332448446809202020764101324674892100264087209820395565828709888614313055396592664887751537618295184642108943261956240669092030952292644227521243033036604611617559379652313483795699199328452943665198792128034909101272555171145541381491583586963469091596646486517609148636e-223
4.8996763427324768345458985484964213027629369080014707021428766104040912301769286241395328394746396022055751649850215442086160030531548612152087674798343598961863600658991911165959030778226864906365367979864744297079988689246103743235960020403384453839430560448434062938267613290974202456975285336946408e-224
-1.87078551267967297319025217306230622179703518350969207751243186504804304004957239066839116248456418637024132832792432485245420612437840882958566562616092865648688618107149931947197219230175384434167863844938253026344635483195098142319291305084820649481397738016657763213309631947944105025469992006901064e-224
7.1429992302314786249082355698738680329835256917487296725640387903751439942154468198722957809421344362845247025691624214629625234821675501541325106027611725719074296383073475529163269394510221957766487770051709999701209989606187575574869840929456930454582982177838085270306758090017372666433896693816362e-225
-2.72732697881565547496496267213408072843980446106719114852245119095922447977324646499744802858150351492008139973644865543404623484778764474326818671080475617797870744122909546028914388326571764741730175783070462752901873744243014059398587019480187380886149361964887533314575555923726075528620100780847114e-225
1.04134302827506845407753120208710632771199906620393215309470454077292182249614857600464408849559237072780183718187006724483724991114856032136170954413842294246291797460995350169554615387827841440334029856394389831258579130721300132149893078288742243879706096768091533059651904478144476761398804369429024e-225
-3.97603701705026137011421004433739738132025782477954564045661281890025541168309881905084711511872364419982561265543583423653607742462055360140181726598425703882566251856859783979015629215656052860370865755813855709397683361885384276627501539539907428975162995747265794740241470264045370967007902853309436e-226
1.51812322469191797767997110783281097052812081957725483525592242999168604465025066925576869274239374649549408689238481221112201367474991750039344963506833076340344113451191609372356671385097914168143706590103410353146745666499899149991451183015846765521248457748861322681939606430043405804104049262991372e-226
-5.79647049427823227841443513905183708461623422600245023403929820397193299901019609998726641824726620047777738160786569904967785467956572585778536216731597619105497473392800346128656176035164489817976150418485333459885489304756845898419191456066803279766484052717776789787443414969328859505273866562183529e-227
2.21319782508805232448551159849072809733813936564759866397535663770307777365434601172139683049150249243964149519811534930239633964229331853700222268151142793553090625397393073126433054290261545037561604659552144637322398639431016408694245045566345481370205016758129790372017832024394893945073167878552167e-227
-8.45039169579074523894468064936824589713012699463354535745514458107330161272220978002067347320972158838651346884250300464505254616853405628258397389671515658756424443877092547811268137229833615136087961698115941608378622510157162441394479875443838438381373895591048297001973021513913904183825433749992409e-228
3.22651319293828454577887806551159671755093025835269092177874410577018249148060648670255587638654752318861395395356040216375029263592286903533454405863918771490591963086307160181313266467996499543787890067931815689807632466096477504305767968436349994307245283103757021637626834316340899076195373865248231e-228
-1.23194140094007228111557162564775702961871283550200167889330619904642917302177470474112761391925214183350119717154383589025538423928538135194274310142211780396169845167080470714834436742793829068846188659196524804227860099840664252561193909750022346523887137949135010678934988410665839493534441320969211e-228
4.70377625813482143698672801861996058548423070064309964674104931501317179972945216447746051502243630092987697924984762228050822279960674577678833234623058783479795974549793812826725244615446247294504786585344157886556060570340349426666539347144411274142855828544217776559574678367912652396873048922806396e-229
-1.79598729856056818503129615934508142552945430165984071741480632962674057493519587699332541306502000695019596009272466704201586376671697811889006849582364128863366854337742423830661948422378455531886376113337000959203554960261488569693984680861795583431795337149235663554373422949022070354579500496331033e-229
6.85740604904944216102858526642497168183060120250241626541067632592927451161443809678803772138766386707000405276089791495426466685247425725296247626631001857363866063666634421396724174352357591082441161766190537281630106318624140818478447891196623311043974066694015495571969600217913588484191586924978698e-230
-2.61828230963705973421091444501202983226874363073345797377962210868172021187659236327202274007225888654282639281037166485073441731596556339531035635577723646440043484589673902415519939170757681485194853868766995683249553176870923554568505024245385608009043888057775653845840035292893398488612142510076966e-230
9.99707790952331898516894534058536446157715840850873678717706886525715987217090730978668730955221861472254694234794230316790870981646756033324274498036167308520409038130961726360745477200617548068432821661427967839039753441099686986744417057253098493077042607926703198749643595023215852807408117272841243e-231
-3.81706611090890361251905259530026933448261793459972365740598885017326503406661788344844434846845802804388357003659433872011066455026959177208742183559560129825355523356432162460084082948800581999288595543898134620699217460029437207410788844920061458433070845766177605163407386493440541766023906047988584e-231
1.45742524234703592478000114671574456740793621292572278942165228083944760679993701024425510148412490471805618825222338712862091039262924401132532990969856022097527786653531847640321072230597809345181014543520174477126256220607282116964722357543798914467891582794406947268185667968133801389094855993867424e-231
-5.56471456168868262188728476730874954819304045419191875076281807731314009311753305263067544865319173499048587344412783381237081794742768470199461485012413329766118059925322842953891711818660223569947475917933022767662375761499257279459549841296193100496550472934649544987471509754065230218705000970107953e-232
2.12470919628113336472059188946952869177281066282066714663651446455616218018835240875210523684871073802276011399666142182133200723570027805336243805377040133427648419413058140611499128622648342421839473947051047580190000518036834039000911866840243485639902068920845592225272946371093613395527526511657497e-232
-8.11252602216432739256961107000693772836141743438819960884549358209106851946117541926785515280795749914739274959449953337716969983301901024723281066517055286133789915031368599429016148570778211950445480025128470737070085096806894131260470526289717675827662405070577393300543744622732120043618083028916988e-233
3.09750993573547045898104455115641564123937171266063310229033151113299537654491519355933960599199545086535215974382081119454198965822091424757954789070913807740403946554363439557639224180476262684027351498426155376319357776129647703068216379005930161865019782870006840620967843341242209624507352267390201e-233
-1.18268561182627053888375238440415769102401625611900516676858109227816096904061903868093527255626320413138143405917292981483042325554367659200143839075750890986368081621909453983617078138117760725352625914563397477180834537574932625793432982603924815771962609689688651524269800076032909488739629085884799e-233
4.5157086997003056939189637116192522593130106685108350225443548118215994297285394648414492711900366697423864014230060396488042143312049571560209082722279446755996308528834559862557080233210757182222222684051629869500041007430606055029130687230857073290639953005892933898523862319785100305489998239343755e-234
-1.72417968534011671949715913355143982347318358500795580676333676947194463838066137914744169477795715452354576891153823112391818568607181461397942618994825493805444599642798339316383126596314121537504824682004997313275436225272126676494964161833642382768683891460612885205195542894654791012926919060226644e-234
6.58323152584408201988991099806813087226801178763189098734727899157703168209817461431246025177917416544679967437795069949286710590249300450473120242156028559776223084181253434085648887895809096760284890512268165767285829986355523256709560562871209311729102972184902719850791717998897958848491674600267758e-235
-2.51359749168592222578454162011934052078811997661996365409020979314221731109981344504209193097443438534141446770300877435305330461448023261219980505610282605104050408704413121582126427552294584569115423435788446276435736364693152717939062048731022660900597358545752407650954760330559033188437407264183705e-235
9.59737224098261213472909523970552171769168035405752605072032176729016053232067982043455688236526603283451464863181175573269849635556457539930247191429320212508681032059334865077577324175017569504470920930658504913450157509067416333524507855955391135747908797941502271710208313263170225982276808153202515e-236
-3.66445121928427008789080999148227732379051007936198574053251926316172781130541101480231166143863920670640670566191649151980903325144354439427180562158701208740974790113128064964277120595788124725712069262442116420657931700807798376403249367015359130096464678866174262176237285554868606315065719205428048e-236
1.39915410190853948801830183242686241141481909925553145669048621692800242981721014193062330209210341153821734244856858277259477938284234620439737646469449094105999085468256470099284933442980722314606997234973718637332069790164074848922459783213940210853751703334790881698869399967222236550311742746290323e-236
-5.34222475274169622783735764159879273935265628080628651998176245107343497306015515950442889602406889691186435713330777262757769836499079258730124697647778411663320564897098054137021520263491187429296090442782524549528364868440088002715567473732041905120426436215631483845411099653395974685379063725402956e-237
2.03975854195592037703609387288038479401879028708240635176389756778600960726620317128565203278443913993430251108267433957592378196069044083685807623910669739524745890832202556755008060186751499568764700892163041209991231818753430324628603158961597152622450802873744289468393866862885437752010367814286167e-237
-7.78816897837715053922162920907380585317639019761528396381941813653097026793110232614326429410293817543804383937083373037605137723460479446142914442905597672842130489734814758454565849029574453172227078437504515658266901588860448905078767080607972794707779462307649896068080092304547155919350737891738387e-238
2.97366451901673019713657848135593081620019964290875649842678081177789204777550870933849906645256471912296250614080903438933582852693901226697264884190666064808473344466607817138091257438471043271289443580714493032977088085214459606560585901007528939073208758671605814563549793741919708347813650242557771e-238
-1.13539917998820608406047571925834025636687008785772559254588082537735331046945011014576989960301355565771398022002345474776620590489259807455848857156159237908724034752309603132751766078223290895375257981997066247781310563463843449926080909170503444826363346321940286416418410714954686153833799276150324e-238
4.33516050540951405069717776495624490985454421538168468549878105758323213260396747788397483555011017358465209885456988396988759554448978549392352770646994284466892925538221323649088105781355262613717186790766583575860281768316653405421208462721238195986447167763360539996971519876390036160595176714968856e-239
-1.65524310206545090832413724449879861573299016835093965638474071941179396530628514059085240181784635026184424250399498353550539847404075757625788702153778120825468774480011497256372503318387327451907900460741071070783560106114583737111571304014024398790324590356683342070088730474586469097751645805767993e-239
6.32001911697717530667754107339517551405925285786294551720258837058414144985183726430780892162615131402203936686459246215605494649175717915871981381329269236023638348465383368519638979353939155076511725154581192485261184725980696037600602179692509773792432615360409433833551999162891026804720713469036067e-240
-2.41309820830037691526189798327620690177311910354204018269778729527292265258217371648335144052904098593481938457450742225554584815576350648765800431700118558150646150544118213378937222493603458742496125465097238236159602789868149598509161161341439639040173763927518168687160047451345392498548672167629811e-240
9.21364770441961204545132012586690321261034210827381082488315283088502434051649838150764702896673648721525927611850406636689622557597029469202672570317036549384756702377403469234505087467424810137393542463088789101001879254828360935473836513262446892768754830136465945864597077803400575912928744207436436e-241
-3.5179382144147698802404226012257042393228038389219969416227507619199437926195165237764747652166527593914685434854623115238119494919873677440063182255721086159373352119729499892389268467338627363518106695081674814917661372511400564307951273764457733519486411382224907566050231910821818247594160382935444e-241
1.34321277277653957264998161910420064356876103994790122130499218584752734612558770022142680199433062733037311459651241826062988236659986132448947209134469318765150673693047674291940728235786944717170684406053862839262164669545807825763819175654832814828067551664870202045595832719624609662717287042489608e-241
-5.1286305869650585303122255763961785811891816875903202156947397902387653395812965888899476811465102119079835046718242792896937497657610215580860471283907246645594491749383494553168447412222076771767714332328468239963913718260563204692588157494703757677025502753293646323568585680500559496022685165991315e-242
1.95820440593202407289999937269250477803033328205456734554613087099524924424730066517966857400846644937276820209940975732890885966147844061554985832056093730032270359531566193581917293576801351014412078348309455099068569622265184013850912190521276568948775924834229790677121761073265157802880778175347833e-242
-7.47678045901407491791196207150399483489473483723648522383320718068927377234499122140707003214705954522928690676040536929035360496073408888177789065736096577292082953273947802450419093490099616975147340957622420059735952853967997505940306571452563205732343998817347348387171142774711548819441835971378359e-243
2.8547707207135744506910293281748496618627217873704299786755425386061607053645571482686993660264690318947707220412705560090608159177135854555885962343177478728312345656261780254842596938408680328667900487013297950050903640822946304736563201970969880237653819826081632409266932525031100268710720921646367e-243
-1.09000336609152441784659643315551867630794270741768847274987366006100324625405077164700987798507001467450698807803337490956946721351891551150516852206536236147922917001211629178049846968636494376649545692844801243832021941667915776782597998438831474041928031499268475079515184495580532883305958681294673e-243
4.1618310341588455388959708630109607714911347683460166462735276395194902477088691860724738694373963048980676061408350990650973139484887712449561121271122976155534934938069622156987465750208403096384010733566284186818726481232111623368679875007084554617900560031035533714405563448944261532876031227600834e-244
-1.58906275850574091884936933130381945344795031972770918153181301429749393907190124699982906579347959330292281479287374187427633187587995769288773754573397392509301263611881793851818909905293450830395656283733824163130451522276072524843153257152528133901743600292547741828242448768906659815293675278889402e-244
6.06733053238952578942803337899687616891546607598255769167250119063498275167211248572256657968721313732902706939889690203589926919833802332248678412984909294850687908579678861242047622813131544183693353328569880378946202224780264897044963014913455499132578463426518527414246058537908514958157742921732518e-245
-2.31661711245331969547426034419703536256077504929785756728365648870332687776431197876486454562605532996942328106896711696768172563145024945982708326202264414871275917591089092484377463728562330123866310945094998924270424338784692026588752426406747398093131164166762962999777027993872433531822072765950965e-245
8.84526533760384321751261185014082400814429643333039382573933725885939816818790224914927529783427417814289913504460731981054442469429308326963863579311016595199900848058385231410800261877829123123369121866054561762275846149034556027707074831814051973708358977941944428851475602696034013179630855571415789e-246
-3.37728312974581104733510394322705831417884825544563393855166319215875808189841268470158962197693855456581523528902746699847818184288101990202672513214521954824817829034783036144422035322770355872464047945427977881557503034057582403230375133491806097852201846538996007897847873912559734197559410788428302e-246
1.28950810325699808079722330674476121530402308222264072141342551203369544512528194932366419482773944273925386675248307128207302642338191468237699010582358883790457720490293136182340096014533166854752488032403226587333783760223596262937418217378590358700017932623517244315485076800363577355648930323845785e-246
-4.92357640236300547615874843850427347607717158388316646024677691741656165077645317626030921520355959803450719560257212672322081408642403587642906020000157131389673885108670835582358428515767644515397021019020407575199057390177561868317542306932341514339063998607706533193679994312965052111670238127383453e-247
1.87991098199548906574004761382550310593375514743452508873390908455764187837529175279925812396972700291883792518101313836864977818187623384812287689752163068991174880647256818601374731170642280270981138564176167506071840491039460065575431998350983941148749687489882741570724530435785473897770903473349164e-247
-7.17784200998767608466380343436136009419457639669756894062452040561790630704534176251334159724200309137441207563303175599194343718739845607936206806433650847762805139583577215096661475454433413779783658650888942719413764618634268242600658441130654210853175275351445228907127998542335272220507241201657982e-248
2.74063050822514371575958784800056461369648880633960525227399474463972157658929377961890367418814054708317569631825811816868787520141335959529135771414897294696773520488821928733404978065367312374226887947773292145659611423696846222638305694769782472094899516239247711852038423058748198491383982838542723e-248
-1.04642263376494541913274487674920921665746541074939418371813100424971777207901023139754664230454108897132660292160171698181888898968928494095314925189125375864822813885864641556835318017211086440541385392324183675696527235706743552171189425651580544880226419384672961260998277307320192050681795776898129e-248
3.99543112388075196759077309291222142792401516060933047457491301483005448029327114446187080181778279633334099169528927698486960032480981079041084073500870950060901854219849799025581999802608805481261359197815503170888703466750257439685543232441031466918749731503074086662270255785099645175416558386349057e-249
-1.52552898668447783013539458834755936342799979303137708238722783716127691815977748840388808030235383123869265176861542782378249581209841739062262094073866547109144794013551660571591671981157354867403553715354029168917180199851453473770609989194399347810508555345343779730796012108321672449087347495791202e-249
5.82473980189569891512995854191469674051078341766856592127906724444167930067163942148384624288039644402417136464521163112824375938260630005096514441448276839764766012272775103730168277444115090903235843220540302804501539271952468874574280073649054179070264697543202172796421990590907550710831970357291137e-250
-2.22399864091990212612086318032902026273665683947504195179051092559670127931682469171525793029200850672486649499646455096066127648649451593271924694058663069972902498592164291171128414772969481859309885497640412864983306571612892666220512060055160895882495716422467114324846254549722138806745180284751109e-250
8.49156192189022182843356474333447336023540766723681885587561755806141483187043423435274734834120969470002827681863376202550318637110342438994471127525844730663705904136760830411288516669847377665411422733499477907734348231583966138784989242485505590854791463933985521147786145258220423282626858069156376e-251
-3.24230036227432090780808012153475907761481938632962310577527355490811601862697595876869842312844689064748907842031663663697145749997666290986313035104908337263323734171112699180539266265935173131211004627773372538492082049716380727219914091369497292146708309117494408479313171591698387309030753226210219e-251
1.23790355745007953523042474319751122653372388639540065097302597449559065030226854466860474762864122587621043105634852456943820286449618898149565911533080968726578354890382452209044275614589241675229344980386959533282107921387147292365731442772149829192475499790315353022630712685756186462649555391897701e-251
-4.72717519555008566492967346423289941318824490818930660165115629379466346809028568620165505793192634920398249020214858422115808501074464965807713172477070763589572128283672898024102799383958387480814220272207613184458862742588837904546744869363024099725409160738565852961697880804168065581187864419713547e-252
1.80431055700605581621770817838098834654080793961811055136869975428099870922261948787553215779321250924957853434271809582546909263690001598650253831580713626046426633382474814126111127230114466068006102769248266020534495108546573383509333844500230250320706731094998954494857914540401362506780560310715085e-252
-6.89505407173116744729660983516331208353198681607571018082117146893150374263151429575727111481898080812374644966336757891442935572621080311735911267546432380379841987759265134532483228820800801152550683415222621220942095108266410551856918430368775286749844050064899157304933423211079382089495701062442486e-253
2.62699815771297722647022658395826949313942778793638274194547525456685198160864856941674745826822208309606161003701097839620197922377110525220640022152483652437863523865785419653700606875160670100824606156337345409245823140178477048431564309317998221397176313734622297275959912952902905013076445061503103e-253
-1.00845321033638112487123568625521725934141660986557920015779906546115185936892303403928469857580587643735279145320415429362000772619719246104506315927584804430033150947377464394557099979372833788783753981119590601113060594143874851029530691570782858565956202631681625725925381050290841288632853134605094e-253
3.79896431686596566938401662530920177685831632456741237597230833043146993400107353484948279227217337207911526519202531042497400853311377856543231736084378030981172954590485799312594121299221609302023007395610064379056310976281446937325288225288177170569353762534983642550093104341677825500726566356483929e-254
-1.49919126126316645287561958118088406846234564390777369015878062698108664220726513268224201237972801686596274221299382137302609419567330630345066523598710616594947890199947722462396119278660459201012083260952675006433145210397685280375113713994353821427048645923143066451453918202023390093320931250566392e-254
5.26446504480793889432954849369842510547280832216322226180298258935858565132557892464015756182801037489424410800643054210279886575736383097572421428304523961554861751071825248169143251143215733990106808628307447169282842647928969968911159757640135685409043057945266900584601692737020414630507742648142675e-255
-2.44223791957899330038443689319834077905250144312451194745255334324127509347261659679164335621907080426618613744483218535966367010263769031228605455176067672231000493331363807623307972512795285897522174568438277222116296493985677191658648812242213003956966736446643838948539081664960023393725301147718334e-255
5.23036223174324513966605375243637488862726453085017649448995659943472714072041409977907892482137334790941249144064755669916665705183740581936430973778252075675471120335139890309143045195962585285261541168479066362089433213584479018700028163304115500951398262049085570945632894945113817704260726857080621e-256
-5.84631875227043972796695587769622549553976507599104517913564390114951970952563842401441223580126122073492677656000170884374454627378302765274712458581980920117142923949564955922055663389553730384233569101648904838030021220317459219368855168965512826621617163534492436115767987473496325069349692431589976e-256
-1.33738094443123673534529036980054124318010972378486053013809844987402828218145916699618368595103095748617408038307169757310800266858727956691965456152953537438953485007557651871944389653035681862190969665469270080963220277249043289773611750176549947089608917822633755433951115138285387601580069371150512e-256
-2.77716006751823364229253392382372115040245005566147371549721076331502264045002511749306158399565416745699630390276562671322589060447075533920560830853123979679854164856448268051373790626138165868395737560243323690589364594519720783881226166465904621232218985323619340408548587528670830983593910485486191e-256
-1.92954185124336927644379332080810312565306633109241438785723408535549105906156052953932466483874198039220238551244903420070659498503562101868808534125026806852197520153222189983288846947738937474931295529395676181007203658242025521830927174588538505630296392678156733944808837330368862822479026591059911e-256
-1.95297098620324037040496260948436396990613449529899976873815116347977797863321858032309827368498387977293070162130637261855269896436173865191115146930702890274241567152136634165591245328956716498834188021596593106056328181930141404249158174734347604915947212941475842653321046071927431372827432506348969e-256
-1.65561869190461977706141606893484114425814114554660987531301114946219023874867734911129545339838791416903038347726220817901823829379679551741543632885043614063535501556585490273612162488215178454139540598311765426716004198401386499839128914344116450993299229957055888347183665072843936117502768477674238e-256
-1.46240370941993700002339845140834427192512325026608531123248523496262277922983181168024274889227847218988828112537918845999974495532521449930667930370562184089114249846770255272582398688424377792138852607199476314712708927268892909789460489631327987089426729171811780032634866537178917169284129647006811e-256
-1.20738866126202881344051129402430972459608058381158858874967577114993189808880647369940391058034146749575913732423093632260462251570745148138526145554508725314667816752044241503955796924733870486104740564008714178312763835634451397767135779067081336854297038357340532313317910134602698626446610710014222e-256
-9.64425780094963020870659605858115135532288086875981539692311754285438816029780345779758906340715140450046131662946479603442735494400529820145572163062319900637206874691880141223583889039981025639927879810861013221055492152550262282435194953027332002176463992627162368300170820531567387636837975501735579e-257
-7.31635193623158688851176594034073740301524893346741944266056041839829636568142710697309731739682395851589994878038751918832492528417976168640044189808749154678498254240712998827423367055859024103292798862662723107075569260680212853081189071290262590098039147410071412413586845525044376817244414501623353e-257
-4.9559953156791410567069168801182315079683265983751802830294652231423278761826208869232356166034809039174327710341512449074209194704876159882230092153124835775546111583616551373223258057361749870298550139503369323325844411613735884547083247572100641690871327606746996861682262428331366149469008285851554e-257
-2.45184330820649623751902298035261745089394071015542006277419870281193611304283348201019481351592913077353395344082695646000644130161796130761550403819495006041326332550651780329702194488020597303446839885397952757999327701827823341373420227153956457961078869967148906896975902340322830641834803116788211e-257
