3.33333333333333333333333333333333333333333333333333333333333333333333333333333333333333333333333333333333333333333333333333333333333333333333333333333333333333333333333333333333333333333333333333333333333333333333333331384634454862886459788779479008307936799924570335667669987003910381928493346324116614e-01
2.00000000000000000000000000000000000000000000000000000000000000000000000000000000000000000000000000000000000000000000000000000000000000000000000000000000000000000000000000000000000000000000000000000000000000000000000000744048662688716078989738744378646060461942661532359531789930979507412552286054538813e-01
1.4285714285714285714285714285714285714285714285714285714285714285714285714285714285714285714285714285714285714285714285714285714285714285714285714285714285714285714285714285714285714285714285714285714285714285714285714257305154957080191269742442747101046516164843381544122898672174569459096630649562866e-01
1.11111111111111111111111111111111111111111111111111111111111111111111111111111111111111111111111111111111111111111111111111111111111111111111111111111111111111111111111111111111111111111111111111111111111111111111111111219582337638623108081185420622179842503224787232736100401301240974541629303197872267e-01
9.09090909090909090909090909090909090909090909090909090909090909090909090909090909090909090909090909090909090909090909090909090909090909090909090909090909090909090909090909090909090909090909090909090909090909090909090908676746225985863284296079909139555751689555415671436023606715205148868343997300902761e-02
7.69230769230769230769230769230769230769230769230769230769230769230769230769230769230769230769230769230769230769230769230769230769230769230769230769230769230769230769230769230769230769230769230769230769230769230769230769388904142830826771425158554717598736947568793002389290250995019956738126487622985438e-02
6.66666666666666666666666666666666666666666666666666666666666666666666666666666666666666666666666666666666666666666666666666666666666666666666666666666666666666666666666666666666666666666666666666666666666666666666666666606287882061330011283354379340926168137624916566452053023329611447636046550020643731e-02
5.88235294117647058823529411764705882352941176470588235294117647058823529411764705882352941176470588235294117647058823529411764705882352941176470588235294117647058823529411764705882352941176470588235294117647058823529411787759600111342444889671108636673108058053574177697487015144417921179434061815317011e-02
5.26315789473684210526315789473684210526315789473684210526315789473684210526315789473684210526315789473684210526315789473684210526315789473684210526315789473684210526315789473684210526315789473684210526315789473684210526306987145085548223828503285680689347907888278473830704396584077494849550431575148792e-02
4.76190476190476190476190476190476190476190476190476190476190476190476190476190476190476190476190476190476190476190476190476190476190476190476190476190476190476190476190476190476190476190476190476190476190476190476190476193837079577497900776530916804807650726098696867990019807427608800633294403058863466e-02
4.34782608695652173913043478260869565217391304347826086956521739130434782608695652173913043478260869565217391304347826086956521739130434782608695652173913043478260869565217391304347826086956521739130434782608695652173913042195012303611473458447088682433123276894449514580532285519706423833451852148582691e-02
4.00000000000000000000000000000000000000000000000000000000000000000000000000000000000000000000000000000000000000000000000000000000000000000000000000000000000000000000000000000000000000000000000000000000000000000000000000000489967634273247683454589854849642130276293690800147070214287661040409123017693758e-02
3.70370370370370370370370370370370370370370370370370370370370370370370370370370370370370370370370370370370370370370370370370370370370370370370370370370370370370370370370370370370370370370370370370370370370370370370370370370183291819102403073051345153064139748190666852019401162619127183865566066365413200e-02
3.44827586206896551724137931034482758620689655172413793103448275862068965517241379310344827586206896551724137931034482758620689655172413793103448275862068965517241379310344827586206896551724137931034482758620689655172413793174878268164383751766323735009083507916042153469211434656674870662372129597327075e-02
3.22580645161290322580645161290322580645161290322580645161290322580645161290322580645161290322580645161290322580645161290322580645161290322580645161290322580645161290322580645161290322580645161290322580645161290322580645161263049310857004735572931018439949515296247116679650669159936778412988400363558761e-02
3.03030303030303030303030303030303030303030303030303030303030303030303030303030303030303030303030303030303030303030303030303030303030303030303030303030303030303030303030303030303030303030303030303030303030303030303030303030313443733313053714843805615051174093580150293692342351833977348438032248527990827e-02
2.85714285714285714285714285714285714285714285714285714285714285714285714285714285714285714285714285714285714285714285714285714285714285714285714285714285714285714285714285714285714285714285714285714285714285714285714285714281738248697235452915600075669948316904394027889506168645257672895385458874031694e-02
2.70270270270270270270270270270270270270270270270270270270270270270270270270270270270270270270270270270270270270270270270270270270270270270270270270270270270270270270270270270270270270270270270270270270270270270270270270270271788393494962188247950241378103081240798391089847525105526192700261956314920218e-02
2.56410256410256410256410256410256410256410256410256410256410256410256410256410256410256410256410256410256410256410256410256410256410256410256410256410256410256410256410256410256410256410256410256410256410256410256410256410255830609360828587028568812896351226547948632987656165233006326589859216956507921e-02
2.43902439024390243902439024390243902439024390243902439024390243902439024390243902439024390243902439024390243902439024390243902439024390243902439024390243902439024390243902439024390243902439024390243902439024390243902439024390465222221533195476350990184239316712172838326808662305421925907672746801754722e-02
2.32558139534883720930232558139534883720930232558139534883720930232558139534883720930232558139534883720930232558139534883720930232558139534883720930232558139534883720930232558139534883720930232558139534883720930232558139534883636426315600232082494274123738875680563582450983897104564983437910197216431395e-02
2.22222222222222222222222222222222222222222222222222222222222222222222222222222222222222222222222222222222222222222222222222222222222222222222222222222222222222222222222222222222222222222222222222222222222222222222222222222222254487354151605067680011002877338189397731524805749131440009663279924047136696e-02
2.12765957446808510638297872340425531914893617021276595744680851063829787234042553191489361702127659574468085106382978723404255319148936170212765957446808510638297872340425531914893617021276595744680851063829787234042553191489349382713650173745273950666722245833959132020581150195977024384818046346568052e-02
2.04081632653061224489795918367346938775510204081632653061224489795918367346938775510204081632653061224489795918367346938775510204081632653061224489795918367346938775510204081632653061224489795918367346938775510204081632653061229193572176502168375762238222701593238545455190439018014087988090523375882124e-02
1.96078431372549019607843137254901960784313725490196078431372549019607843137254901960784313725490196078431372549019607843137254901960784313725490196078431372549019607843137254901960784313725490196078431372549019607843137254901958988326426929627893400076389674526417607800600300943596310683866451690797596e-02
1.88679245283018867924528301886792452830188679245283018867924528301886792452830188679245283018867924528301886792452830188679245283018867924528301886792452830188679245283018867924528301886792452830188679245283018867924528301886793138570793584189499121726451170799054975512950438920871824086500517455751851e-02
1.81818181818181818181818181818181818181818181818181818181818181818181818181818181818181818181818181818181818181818181818181818181818181818181818181818181818181818181818181818181818181818181818181818181818181818181818181818181817919989950854475844760726737316978834954943818744836020803855970950009796977e-02
1.75438596491228070175438596491228070175438596491228070175438596491228070175438596491228070175438596491228070175438596491228070175438596491228070175438596491228070175438596491228070175438596491228070175438596491228070175438596491328040954533829681079759628844450135843841759523683859099840864091168089983e-02
1.69491525423728813559322033898305084745762711864406779661016949152542372881355932203389830508474576271186440677966101694915254237288135593220338983050847457627118644067796610169491525423728813559322033898305084745762711864406779622846288043453336756165406250387137163648396925189204103906213193182604181e-02
1.63934426229508196721311475409836065573770491803278688524590163934426229508196721311475409836065573770491803278688524590163934426229508196721311475409836065573770491803278688524590163934426229508196721311475409836065573770491803293262777013634293674029519663878757149489198194830998386019801496919066966e-02
1.58730158730158730158730158730158730158730158730158730158730158730158730158730158730158730158730158730158730158730158730158730158730158730158730158730158730158730158730158730158730158730158730158730158730158730158730158730158730153165444168470047536842873962849980610537118275966811407967340652845589829e-02
1.53846153846153846153846153846153846153846153846153846153846153846153846153846153846153846153846153846153846153846153846153846153846153846153846153846153846153846153846153846153846153846153846153846153846153846153846153846153846155970863042434979518566745735623374845618964508974513300482668310710008104e-02
1.49253731343283582089552238805970149253731343283582089552238805970149253731343283582089552238805970149253731343283582089552238805970149253731343283582089552238805970149253731343283582089552238805970149253731343283582089552238805969338001129126850842832591131805276376417589599844762128667689447761042137e-02
1.44927536231884057971014492753623188405797101449275362318840579710144927536231884057971014492753623188405797101449275362318840579710144927536231884057971014492753623188405797101449275362318840579710144927536231884057971014492753623498156790674996321260423295695351709051473403150121281243525904736489025e-02
1.40845070422535211267605633802816901408450704225352112676056338028169014084507042253521126760563380281690140845070422535211267605633802816901408450704225352112676056338028169014084507042253521126760563380281690140845070422535211267487365241634274354562328986911696906953936402557113567830184144293310966e-02
1.36986301369863013698630136986301369863013698630136986301369863013698630136986301369863013698630136986301369863013698630136986301369863013698630136986301369863013698630136986301369863013698630136986301369863013698630136986301369863058855717133989358309052650814822659579431476548122048855580534419585832e-02
1.33333333333333333333333333333333333333333333333333333333333333333333333333333333333333333333333333333333333333333333333333333333333333333333333333333333333333333333333333333333333333333333333333333333333333333333333333333333333333316091536479932166138361741997818935098601497483253775265699965638612941e-02
1.29870129870129870129870129870129870129870129870129870129870129870129870129870129870129870129870129870129870129870129870129870129870129870129870129870129870129870129870129870129870129870129870129870129870129870129870129870129870129876713101655714211890019781127938260742397881917502020857477149121447816e-02
1.26582278481012658227848101265822784810126582278481012658227848101265822784810126582278481012658227848101265822784810126582278481012658227848101265822784810126582278481012658227848101265822784810126582278481012658227848101265822784807612984786795090432443306481146482264022006605658517358568018054959379e-02
1.23456790123456790123456790123456790123456790123456790123456790123456790123456790123456790123456790123456790123456790123456790123456790123456790123456790123456790123456790123456790123456790123456790123456790123456790123456790123456791083194014221718003596366314094008961892624825529209395195488966852496e-02
1.20481927710843373493975903614457831325301204819277108433734939759036144578313253012048192771084337349397590361445783132530120481927710843373493975903614457831325301204819277108433734939759036144578313253012048192771084337349397590361079338010601693473138629844225266243524563449895126727151567350792643e-02
1.17647058823529411764705882352941176470588235294117647058823529411764705882352941176470588235294117647058823529411764705882352941176470588235294117647058823529411764705882352941176470588235294117647058823529411764705882352941176470588375209527837912772331241947948568594082658380513788439786695680515385e-02
1.14942528735632183908045977011494252873563218390804597701149425287356321839080459770114942528735632183908045977011494252873563218390804597701149425287356321839080459770114942528735632183908045977011494252873563218390804597701149425287302899591553042807836568952319644256514519414203431387673745593879512e-02
1.1235955056179775280898876404494382022471910112359550561797752808988764044943820224719101123595505617977528089887640449438202247191011235955056179775280898876404494382022471910112359550561797752808988764044943820224719101123595505617979567848429596369815238341063891620749074970062363305228168391949668e-02
1.09890109890109890109890109890109890109890109890109890109890109890109890109890109890109890109890109890109890109890109890109890109890109890109890109890109890109890109890109890109890109890109890109890109890109890109890109890109890109890102101940911732739570668480681036084256713719692494606146070691753415e-02
1.07526881720430107526881720430107526881720430107526881720430107526881720430107526881720430107526881720430107526881720430107526881720430107526881720430107526881720430107526881720430107526881720430107526881720430107526881720430107526881723403772045898450627244105363076360923727081363338864025308501242809e-02
1.05263157894736842105263157894736842105263157894736842105263157894736842105263157894736842105263157894736842105263157894736842105263157894736842105263157894736842105263157894736842105263157894736842105263157894736842105263157894736842104127758714748636021202682175478501848896287806879116512717277068073e-02
1.03092783505154639175257731958762886597938144329896907216494845360824742268041237113402061855670103092783505154639175257731958762886597938144329896907216494845360824742268041237113402061855670103092783505154639175257731958762886597938144763412957757446250430542518763665728098856483393838571642661612433e-02
1.01010101010101010101010101010101010101010101010101010101010101010101010101010101010101010101010101010101010101010101010101010101010101010101010101010101010101010101010101010101010101010101010101010101010101010101010101010101010101010100844576699894465010177687285651130239436801993265916135371626937839e-02
9.90099009900990099009900990099009900990099009900990099009900990099009900990099009900990099009900990099009900990099009900990099009900990099009900990099009900990099009900990099009900990099009900990099009900990099009900990099009900990099010532992010707618520766764008329616561306915384796195541819268747289e-03
9.70873786407766990291262135922330097087378640776699029126213592233009708737864077669902912621359223300970873786407766990291262135922330097087378640776699029126213592233009708737864077669902912621359223300970873786407766990291262135922329855777557810739007502936415264612319531425953723465884642842622176e-03
9.52380952380952380952380952380952380952380952380952380952380952380952380952380952380952380952380952380952380952380952380952380952380952380952380952380952380952380952380952380952380952380952380952380952380952380952380952380952380952380952473088857996577072835465582211049984507055802035119060629783907839e-03
9.34579439252336448598130841121495327102803738317757009345794392523364485981308411214953271028037383177570093457943925233644859813084112149532710280373831775700934579439252336448598130841121495327102803738317757009345794392523364485981308376035571126880338580773344081200901532005606470593114695922020207e-03
9.17431192660550458715596330275229357798165137614678899082568807339449541284403669724770642201834862385321100917431192660550458715596330275229357798165137614678899082568807339449541284403669724770642201834862385321100917431192660550458715609762402957123193891637430869941089004494949849020296616719640978e-03
9.00900900900900900900900900900900900900900900900900900900900900900900900900900900900900900900900900900900900900900900900900900900900900900900900900900900900900900900900900900900900900900900900900900900900900900900900900900900900900900900895772270313935842370588675324504722319711719213310580685206156991e-03
8.84955752212389380530973451327433628318584070796460176991150442477876106194690265486725663716814159292035398230088495575221238938053097345132743362831858407079646017699115044247787610619469026548672566371681415929203539823008849557522123895763514140445298409183185213400469379800244786479346106608083059e-03
8.69565217391304347826086956521739130434782608695652173913043478260869565217391304347826086956521739130434782608695652173913043478260869565217391304347826086956521739130434782608695652173913043478260869565217391304347826086956521739130434781861017606272505551687064662414817907814874342363307999355812476e-03
8.54700854700854700854700854700854700854700854700854700854700854700854700854700854700854700854700854700854700854700854700854700854700854700854700854700854700854700854700854700854700854700854700854700854700854700854700854700854700854700854701140177926772212145923803787518339667040973033437897698722253832e-03
8.40336134453781512605042016806722689075630252100840336134453781512605042016806722689075630252100840336134453781512605042016806722689075630252100840336134453781512605042016806722689075630252100840336134453781512605042016806722689075630252100731335797844629070820382373491170821444835981359071488859469004e-03
8.26446280991735537190082644628099173553719008264462809917355371900826446280991735537190082644628099173553719008264462809917355371900826446280991735537190082644628099173553719008264462809917355371900826446280991735537190082644628099173553719049882773151505810760860535076390599450448537766104794561904511e-03
8.1300813008130081300813008130081300813008130081300813008130081300813008130081300813008130081300813008130081300813008130081300813008130081300813008130081300813008130081300813008130081300813008130081300813008130081300813008130081300813008130079711750249624340381963638798777481359560179761573103826599194e-03
8.00000000000000000000000000000000000000000000000000000000000000000000000000000000000000000000000000000000000000000000000000000000000000000000000000000000000000000000000000000000000000000000000000000000000000000000000000000000000000000000000006067330532389525789428033378996876168915466075982557691681759e-03
7.87401574803149606299212598425196850393700787401574803149606299212598425196850393700787401574803149606299212598425196850393700787401574803149606299212598425196850393700787401574803149606299212598425196850393700787401574803149606299212598425194533776588334081879328889262102177235864421801095843220122548e-03
7.75193798449612403100775193798449612403100775193798449612403100775193798449612403100775193798449612403100775193798449612403100775193798449612403100775193798449612403100775193798449612403100775193798449612403100775193798449612403100775193798450496929634535578120200873588114857594612879255736140157781767e-03
7.63358778625954198473282442748091603053435114503816793893129770992366412213740458015267175572519083969465648854961832061068702290076335877862595419847328244274809160305343511450381679389312977099236641221374045801526717557251908396946564885495845477793895647902900077391936836153314939601936352636685739e-03
7.5187969924812030075187969924812030075187969924812030075187969924812030075187969924812030075187969924812030075187969924812030075187969924812030075187969924812030075187969924812030075187969924812030075187969924812030075187969924812030075187969937707111107757950732784263142635582077852260897414377139227e-03
7.40740740740740740740740740740740740740740740740740740740740740740740740740740740740740740740740740740740740740740740740740740740740740740740740740740740740740740740740740740740740740740740740740740740740740740740740740740740740740740740740740691504976717110685979153256355698005979969024901909076130945e-03
7.29927007299270072992700729927007299270072992700729927007299270072992700729927007299270072992700729927007299270072992700729927007299270072992700729927007299270072992700729927007299270072992700729927007299270072992700729927007299270072992700729945806409090027883358130403145554301132330252204272258182794e-03
7.19424460431654676258992805755395683453237410071942446043165467625899280575539568345323741007194244604316546762589928057553956834532374100719424460431654676258992805755395683453237410071942446043165467625899280575539568345323741007194244604316539584747918069877872170728939739359330265855257978690050503e-03
7.09219858156028368794326241134751773049645390070921985815602836879432624113475177304964539007092198581560283687943262411347517730496453900709219858156028368794326241134751773049645390070921985815602836879432624113475177304964539007092198581560286428573770636491233490084301901273833554644834708399579839e-03
6.99300699300699300699300699300699300699300699300699300699300699300699300699300699300699300699300699300699300699300699300699300699300699300699300699300699300699300699300699300699300699300699300699300699300699300699300699300699300699300699300699299652878065535753881566555822551490084041835288551305117634e-03
6.89655172413793103448275862068965517241379310344827586206896551724137931034482758620689655172413793103448275862068965517241379310344827586206896551724137931034482758620689655172413793103448275862068965517241379310344827586206896551724137931034483158163802043247610552180757567084211757918757440243396404e-03
6.8027210884353741496598639455782312925170068027210884353741496598639455782312925170068027210884353741496598639455782312925170068027210884353741496598639455782312925170068027210884353741496598639455782312925170068027210884353741496598639455782312909914778160366106052387550715163862148032927239754256952e-03
6.7114093959731543624161073825503355704697986577181208053691275167785234899328859060402684563758389261744966442953020134228187919463087248322147651006711409395973154362416107382550335570469798657718120805369127516778523489932885906040268456375838931999236446191000928552777333861005465342998182769236511e-03
6.62251655629139072847682119205298013245033112582781456953642384105960264900662251655629139072847682119205298013245033112582781456953642384105960264900662251655629139072847682119205298013245033112582781456953642384105960264900662251655629139072847659879218888814223771903950978166751015017537565514483184e-03
6.53594771241830065359477124183006535947712418300653594771241830065359477124183006535947712418300653594771241830065359477124183006535947712418300653594771241830065359477124183006535947712418300653594771241830065359477124183006535947712418300653594779733391987249698952616571279282185778536061262008057514e-03
6.45161290322580645161290322580645161290322580645161290322580645161290322580645161290322580645161290322580645161290322580645161290322580645161290322580645161290322580645161290322580645161290322580645161290322580645161290322580645161290322580645161287080280282886969414772565039755563503030341903992957479e-03
6.36942675159235668789808917197452229299363057324840764331210191082802547770700636942675159235668789808917197452229299363057324840764331210191082802547770700636942675159235668789808917197452229299363057324840764331210191082802547770700636942675159236906693366367276987459724106254836067298055096586482621e-03
6.28930817610062893081761006289308176100628930817610062893081761006289308176100628930817610062893081761006289308176100628930817610062893081761006289308176100628930817610062893081761006289308176100628930817610062893081761006289308176100628930817610062420364241451280741683133282507527668744068590942068527e-03
6.21118012422360248447204968944099378881987577639751552795031055900621118012422360248447204968944099378881987577639751552795031055900621118012422360248447204968944099378881987577639751552795031055900621118012422360248447204968944099378881987577639751733226086756506202739783240198347281859049738061186575e-03
6.13496932515337423312883435582822085889570552147239263803680981595092024539877300613496932515337423312883435582822085889570552147239263803680981595092024539877300613496932515337423312883435582822085889570552147239263803680981595092024539877300613496863564796706001208962616723734256449716827371103053221e-03
6.06060606060606060606060606060606060606060606060606060606060606060606060606060606060606060606060606060606060606060606060606060606060606060606060606060606060606060606060606060606060606060606060606060606060606060606060606060606060606060606060606060606086876042183190378325308326445643300992000338485415044e-03
5.98802395209580838323353293413173652694610778443113772455089820359281437125748502994011976047904191616766467065868263473053892215568862275449101796407185628742514970059880239520958083832335329341317365269461077844311377245508982035928143712574850299391113072687055350427934349724274174711975055458238874e-03
5.91715976331360946745562130177514792899408284023668639053254437869822485207100591715976331360946745562130177514792899408284023668639053254437869822485207100591715976331360946745562130177514792899408284023668639053254437869822485207100591715976331360950544526447043480462283424909332870415911570762432044e-03
5.84795321637426900584795321637426900584795321637426900584795321637426900584795321637426900584795321637426900584795321637426900584795321637426900584795321637426900584795321637426900584795321637426900584795321637426900584795321637426900584795321637426899085604060374260447709175740456542832122449677739095e-03
5.78034682080924855491329479768786127167630057803468208092485549132947976878612716763005780346820809248554913294797687861271676300578034682080924855491329479768786127167630057803468208092485549132947976878612716763005780346820809248554913294797687861272202747082515475970357810340699322279333407999856198e-03
5.71428571428571428571428571428571428571428571428571428571428571428571428571428571428571428571428571428571428571428571428571428571428571428571428571428571428571428571428571428571428571428571428571428571428571428571428571428571428571428571428571428571428327204779470672098532984882108737350666178427122733e-03
5.64971751412429378531073446327683615819209039548022598870056497175141242937853107344632768361581920903954802259887005649717514124293785310734463276836158192090395480225988700564971751412429378531073446327683615819209039548022598870056497175141242937853159648255085794033317564492326623635891922362817353e-03
5.58659217877094972067039106145251396648044692737430167597765363128491620111731843575418994413407821229050279329608938547486033519553072625698324022346368715083798882681564245810055865921787709497206703910614525139664804469273743016759776536312849162011114721170019195044061112564128065678005496203997400e-03
5.52486187845303867403314917127071823204419889502762430939226519337016574585635359116022099447513812154696132596685082872928176795580110497237569060773480662983425414364640883977900552486187845303867403314917127071823204419889502762430939226519337016574572261549671709732094060908456690720164883985641215e-03
5.46448087431693989071038251366120218579234972677595628415300546448087431693989071038251366120218579234972677595628415300546448087431693989071038251366120218579234972677595628415300546448087431693989071038251366120218579234972677595628415300546448087431666217470363069029697293239996735466091603914733936e-03
5.40540540540540540540540540540540540540540540540540540540540540540540540540540540540540540540540540540540540540540540540540540540540540540540540540540540540540540540540540540540540540540540540540540540540540540540540540540540540540540540540540540540540521245122028106847776102607332459509284009877225278e-03
5.34759358288770053475935828877005347593582887700534759358288770053475935828877005347593582887700534759358288770053475935828877005347593582887700534759358288770053475935828877005347593582887700534759358288770053475935828877005347593582887700534759358288750523766073796473301297967488044060835698013345063e-03
5.29100529100529100529100529100529100529100529100529100529100529100529100529100529100529100529100529100529100529100529100529100529100529100529100529100529100529100529100529100529100529100529100529100529100529100529100529100529100529100529100529100529100512544342181482902758486368411180689086519117641162e-03
5.23560209424083769633507853403141361256544502617801047120418848167539267015706806282722513089005235602094240837696335078534031413612565445026178010471204188481675392670157068062827225130890052356020942408376963350785340314136125654450261780104712041884802129889607371310628038266794817080840958191592249e-03
5.18134715025906735751295336787564766839378238341968911917098445595854922279792746113989637305699481865284974093264248704663212435233160621761658031088082901554404145077720207253886010362694300518134715025906735751295336787564766839378238341968911917098433521968309659504611708876697062602235904479133608e-03
5.12820512820512820512820512820512820512820512820512820512820512820512820512820512820512820512820512820512820512820512820512820512820512820512820512820512820512820512820512820512820512820512820512820512820512820512820512820512820512820512820512820512820503176255019563190304113916761931669157497631950987e-03
5.07614213197969543147208121827411167512690355329949238578680203045685279187817258883248730964467005076142131979695431472081218274111675126903553299492385786802030456852791878172588832487309644670050761421319796954314720812182741116751269035532994923857860703952632296331893214122384532359043685258683351e-03
5.0251256281407035175879396984924623115577889447236180904522613065326633165829145728643216080402010050251256281407035175879396984924623115577889447236180904522613065326633165829145728643216080402010050251256281407035175879396984924623115577889447236180904027013533758719060158454040631392929605177391211e-03
4.97512437810945273631840796019900497512437810945273631840796019900497512437810945273631840796019900497512437810945273631840796019900497512437810945273631840796019900497512437810945273631840796019900497512437810945273631840796019900497512437810945273631838344176592291016200291922293279223345125959786475e-03
