5.5349261219612322005062e+19
-2.1133354283851977492844e+19
8.0690989083798459517891e+18
-3.0809286741086684543242e+18
1.1763545846596734098242e+18
-4.4915356868823893830127e+17
1.7149499895369123098804e+17
-6.5479908691409379103821e+16
2.5001419682174490203491e+16
-9.5459966059211689867096e+15
3.6448350677153554313087e+15
-1.3916642985822266192265e+15
5.3136273218594107279634e+14
-2.0288395228917750052071e+14
7.746478178314050019908e+13
-2.9577462135380918257892e+13
1.1293212815327259698331e+13
-4.3119539840340446121357e+12
1.6463824302675443064515e+12
-6.2861874610215328064188e+11
2.400180666935494344295e+11
-9.1643261828446147689712e+10
3.4991063607224892755214e+10
-1.3360224286394959051366e+10
5.1011765457144389111127e+09
-1.947721953818240310964e+09
7.4367565509423721006533e+08
-2.8394888649052693445583e+08
1.0841684756911028426214e+08
-4.1395523617296653864685e+07
1.580556356296781336286e+07
-6.0348515422240741723883e+06
2.3042160433946464806745e+06
-8.7979158020522871555702e+05
3.3592042153290541554256e+05
-1.2826052458529128538023e+05
4.8972200296201969078713e+04
-1.8698476476731849606483e+04
7.1394182911155780385248e+03
-2.7259597111534704297134e+03
1.0408209806219531185049e+03
-3.9740437441960464263731e+02
1.5173621568713807516494e+02
-5.7935645990017625097009e+01
2.2120883013949243343937e+01
-8.4461553330606791070424
3.2248956721173427397053
-1.2313238026346609723834
4.7014181494594409714809e-01
-1.7950869364179025520315e-01
6.8539682301728585200063e-02
-2.616969767332009753294e-02
9.992065512865993946761e-03
-3.8151532441103672389107e-03
1.456693821444892193007e-03
-5.5619334813379669521928e-04
2.1236344891950406298076e-04
-8.1085648582510132641329e-05
3.0958394278546813680342e-05
-1.1822239363911069306545e-05
4.5119760541097059269346e-06
-1.7249656138531426901065e-06
6.5613143057261061634119e-07
-2.5334480982722846174882e-07
9.3518793601105317339107e-08
-3.9384689320204541770204e-08
1.0804768279297575486395e-08
-9.0278104477620692747304e-09
-2.2601901592461871208853e-09
-5.8578179361848555211506e-09
-5.7185792101644992492006e-09
-7.4593502288467690712788e-09
-8.7760426452128872530818e-09
-1.1535285931119395447502e-08
-1.5009066241703736830151e-08
-2.0099894218439487729097e-08
-2.5459846893251553026725e-08
-3.3936587624816876506643e-08
-4.1478729479515271012791e-08
-5.9095562589596540941077e-08
-7.6215399546591064969866e-08
-1.1544779525594586782515e-07
-1.5794009036619029525848e-07
-2.2479514103996555969382e-07
-3.1498668216854189917447e-07
-3.5917537117511178743371e-07
-7.2210058721100771198572e-07
-2.17001368766074898269e-07
-1.5488831380451283646106e-06
2.5168541112583879017488e-06
-5.2147059808133239039354e-06
1.8687979367800920324494e-05
-1.9587537192440320228518e-05
9.9411044655168533958588e-05
-1.0183640277546736402283e-04
3.0933739281503290343767e-04
-7.9392684691022499967841e-04
1.2522354715292089183019e-03
-3.0201515875098247758751e-03
3.9008481248117862892502e-03
