1.62652389164936592671146525601107374512121616471423130646108368427067109664711273835105956281243615865859165849293077383352826145256153037440962134165464351987365938277170909859559614989285836904344104430656017575695001943337499822426868646482996325826287450509449652156985121073348440866470726026594164e-281
-6.21036368471879644689782725175154964228416193223438414388724688316803128534570586845854943095028864126372450200530941136307592984444350795412617112624988392604860761180154714847830743461376967383078596795536888776372695726255848910834002593706095468383913783900866751099124650355339219757987913034614921e-282
2.37123031204732705205721828776103513019792835398842886627136456991071519669170375713745272862130031178077051991762742203452621055872695377720371500235746594556022680675863810336583635253719661447120363728362641085507216676640280488952779455572006531386804029053716297469283256875083601110315178962648308e-282
-9.05378050172020372440133842609373651333108093607488522295684336968777089127624980015857368957086081778551485546254331119717673900627201127228563878762147123413300983135240919886458457467356068558468230320609366497148057955524321710008147736941199435755251923877225744029263622234028739755087044919887999e-283
3.456908384476728480874789351418162636466744107540594224757004876843505499198813165270100111797580129651504326737182889462378589071315435110118090166069467121874895515686830228685941732078555510263571193358307166911244186865128688903924140226757427636257690856417686534305646616530847081276950947055474e-283
-1.31989768125649031486157282294691749518820350524178968038455274155109320437679836835963034020962681052271259847247059566841711814515950894744784278309350638118585326219451515945107977137470289779026916017979769748622237512969741135392786074595449909682016888212385845365049393366299386038133603256486337e-283
5.03975739022815684456016216204456085216027291805601235894479833202565216784824048136123710648590829374303515686390474085700799707074107325901161939144100973833808473389988667840521439457489726323181357089370784046273581180310865681141736705849662577454671118038137966206359652819976373355733230397496806e-284
-1.92410622162848651655960542672491536564245042946608773988615053915946447878175111379685784774388164607030309705086615021216396953676799186532819439270344127600877097653559126430099117240553242380396561390564632373430462532573297257286498427008011270152719050862934678398571661793249206861983518272189505e-284
7.34835887403828150413102944043797813073468849731794578957984703620957332550021765961506499289722698995341032787897732954635642930731107504333106042556334100630288520080787769321821055626695195059037006816744138602487769974716557914526253074737523163363978166080248097444680117667896579729377004591709936e-285
-2.80388395642992772262960162706044840278963967285065733894933557196182259593787540219365169526650620265111232413256832400897897441508015658430919777875268909020570646117856497266183138809270037495160704095044414037212663022839790877643956288053670316047202337273106808377459999712930000334041150150372837e-285
1.07247368346450939912363822314592138419744919039688470475451619937252173146956334466103882942661192654773865614630197948710454812046900730102194242968014518234746114890243810222033387674949543294604016605190680655935556223374977302260339709671210814468186501881325036848818776538242470176148890688105469e-285
-4.07558241866057561362322508663414694197152017417809832608525244680173342804408247359661843815189759794776388194087037881610035197694236823667815519799635309898585226586692809780626322150303520973126854572211835307221890523927133580554893375858383866021848748683190160944827698157308132050888385897701954e-286
1.57550767518098938258025177825788809947680135186518779772663780086725654973239977757312856072577185733854701807916028313248314889688222882009844592364085470945786716566450237789794584978793024911232713765326534098243176177200928478392065499642899520196062072793584946812496398666470129390285209868050737e-286
-5.82341609473364490227190881993315459677349040842952701675423925819056255971340931958094777959489832129148953874356277539547855526823546350124192538420247183416341269408268880486064578899171599082257240427075591040496488909150920628732708451330435464402042900002943194567229434637748842822307276624261568e-287
2.41080599137791678668207239357711631790987637671522278996968133459572712821426647983189274436630580812675987171084037496477012023414824353894132003693598034866017462224490155340694222982372249308323196217608887322747966933436609929798094449345448093542035548225007274110970049050606386272518986949898904e-287
-7.40375170239535276586674817841666573590218984541846647886541815360415082092154886271934788691110485710787890601158110020596942338572134114885015016718739791535712619522713100461399589671847137548389117772272920346647798084293167003197986633683800628186621606556155865168625374759930701760782278342039569e-288
4.52057543552420995576720144554605240230454940387716594521369080125060209219598290617062318061325428914559752984490461273816144794706089695132605207477323169964807015439095126879696703761189092967322042032831552676543053739630273617036325494453607316297358848874174810406725131609611771972269794114241277e-288
-1.34929125142218398756963226032413494120084326249977800015217895886206104398555359936412010190703523157461706289974498432495437219099555419030592826500284225710119585607829055400030175589573609158502140563549479234098934936868124232209839158287417165080828224221235894750728188174560055197238280320201838e-289
1.49981909692810588399493414776356181792598158855623384786475161118357456172207703426186349678526685121593957265403330547440890575089887265528429006685503710860200479068435507163990390950237400559635457567324499066311147130079106474036026453186655451524006869586004282768911629459918481741490309339522432e-288
7.26009168195480689457712676030001994610641559804810781095991776555580800788437014907455204016385053616178671249672627207756554318279922281435672917366989928931816001383596581893338052023197512192097689243175538569368729073214868388657319953739352165908881378854100316624063990575042258433998162820396052e-289
8.06956615890338203355653885990894608527216557306939446013138646073067614879873907479228275509360397523094087788189775245913951688483145935836703537732470565678692105126881503064542508174602628088856741244001177442918170430211012914031384652118043909903722318065043507038941351312900955666682000201324758e-289
5.85620355598056400185207306169619582110785176952828141428250171484836825320614983354011819606237977054574478472069584077860025170679797452631466454850914055122631757240541783108296502143989923097889892059898917732223025675284267773094593714324505697948978137961212987218759640504480928027644213836787127e-289
4.48941855079449495633155333528968416349258029185358277826789307687528190164160439079809429222316915860510690037353463546152135198167517686491048001611909985629234981302156976438906889842534826796173023201285884046024410004522617832934647153230809272438563998704095988807495769841893508323418116589369897e-289
2.88220483698750114341335013149233091118588151025263821405482414834800917970202816224376570608031755748190124664325201546483748741095472560169036752624746630463913237174335750704751701663000607192894968839330030195864695401061021452098770952261363617456414662593552053011064578766377109330345232224142405e-289
9.87001750392989450044512544744454943158721001576345411266852725399838354386729086384441368319353710731609983713247673297105801561387767501381022763176302834490302822056036161651782129170877961596063235824220870222247620697621169218577865893829534628140363205470790376795047674946712857540332422271795911e-290
