4.4947018044761177882777745860408
-1.3888861435272449737060593813946
7.4952276129481821073971623522253e-01
-1.2052485229236493298950781629837e-01
1.793519132995090350202363086272e-01
4.3153999283099093176634494681693e-02
7.9560314492840019901322274998944e-02
5.3900500241771243738211725413253e-02
5.451128099409319750766730687599e-02
4.6901343201207249855696283455471e-02
4.375229346546790381003852432197e-02
3.989536937247351973102877242393e-02
3.7076986913001693139735136728812e-02
3.4467505031684968296838166695426e-02
3.2263888613749003610557018345017e-02
3.0300806556666313968442234427949e-02
2.8572277638222094524918328722295e-02
2.7026702837887681844785495125362e-02
2.5641149422333391004315100034022e-02
2.4390196640485156216568364270266e-02
2.3255831998961667213881189564573e-02
2.2222215332132418630621904623582e-02
2.1276598375442412435168096476542e-02
2.0408162260833526289014068571853e-02
1.9607843520780802312771143418048e-02
1.8867924381864724839876015373243e-02
1.8181818237730552745529308116325e-02
1.7543859627774447208920287620753e-02
1.6949152550524073282861183432028e-02
1.6393442619838546390940093984939e-02
1.5873015874204195541418716130607e-02
1.5384615384161661469267158855062e-02
1.4925373134501597955654645707341e-02
1.4492753623122259711998055168226e-02
1.4084507042278776904709112327943e-02
1.3698630136976658254646276645366e-02
1.3333333333337015250052512388932e-02
1.298701298701158119023970391051e-02
1.265822784810180259147010935584e-02
1.2345679012345474064302322797203e-02
1.2048192771084415602286625117575e-02
1.1764705882352911298095548329925e-02
1.1494252873563229798909414093811e-02
1.1235955056179770925082235557326e-02
1.0989010989010990674105342378948e-02
1.0752688172043010117715823485694e-02
1.0526315789473684452876705987143e-02
1.0309278350515463825237001962619e-02
1.0101010101010101044696840369825e-02
9.9009900990099009785704100846221e-03
