1.41915440854228779113404002689044828316716241188962420387181328084936368206231443878619386790281605156701271867318494392817350750000208967480380854048049676092293958937059560193934207666947662549754998487151785193327780383947081642862033919847945212062963216240942451168783997570907700854928685883986048e-260
-5.41858955988873521340379474143019225877756843203034940309063701688265271890651068291302337879906862483667402633057007790921073694041083684470648270450864498497204617312302953821900789342826868270826459029137934851814664378624171303332197667247149148097855904764334255307290822797322100829034724239975805e-261
2.06891601377569887815080378042495387374366466859645114648617962634345022588740193023212401606656989360043816352977223855489592456738497574981109568083918985866522310379297890024948807300377410000835118959829867478992346999509162922155801971435545141935879788090165564748845143590593014716725521402007202e-261
-7.89949750714357785944495125200184557045248267851439480704479039284200965911683476261488852693721631020511648053035714567122098681153777024236062014726695823569981743556678618182913975577086062630521911312844112880749975947866308702674493491974297967671299630136500383654806687546882381005430222725662452e-262
3.01617177545482020236848215972141403974169525152502993525472196018223564574664445309566334244435900159010204800806842356976414755382725376786752651807721748732252402905149591961385675677421042691924633705566702245948516442325496503564540987816337102625473206701357768882672749886377731609575416412167803e-262
-1.15162922335547734007263391907982989890567685314151070004045055629005282364409044810842053214880534789238040753153088571537357233853431028381739773380190917179469839018315895300521283963671614954682724023049815898435525729104863919498880644861664270274472505575988246910801720350489659643721282335822757e-262
4.39712976190272536097923699513676143143024189256510041856201558466947375112666384163461354135261263478724341229970984228799947823863245450226762791006204945557570014837060118791183410541967806790094076370068185844655545655145696289198524978422639091842123704198725448261671699347756638870018158229339907e-263
-1.67890409090832045492210219455833498944806393553579657993482944977647834829334253846961295905294672524831563534922063254819839627111004920902026991105463769561105779235865723831268489965004040709634590568666922587879393839973483363527577323203887416651710364145736283422924753957982173660829498933381235e-263
6.41036107437714468317036496317982266124314205692235199546872134301124882705493511560339654582059617703003237082116478363477479146706089822077010136682589371903512145023075523837432655622741741574776239249879224285726938630958643545689226289527155270739663229957590338884581156763264994857116414901958955e-264
-2.44759241021681313634773270282208455715668401178768670637719166468534595759663893233056443773209583974750410444136179889626185152750747083978994448367248736889049870774241616689176852470478953935749948851034548857000958551896830480191259427180894822651883665922514977277445321398437408782748668779099708e-264
9.34535283900872981163739678513591052036268976981964194549905411871994979646971169181759333611093245062712484548283837774858477292451028525937830979906175065078551554310861055918769327682166056585714290973803923253381916657280404153125794194780389034622480676582542984466204070073380090125162182152955788e-265
-3.56822562944067461165607962669165463345505626165109948984284054272749240298013012055220187369085540652592477436092396149760955810264653211002195542598125559679055174868958597304241318961606878517989233730058216667513982877591525491601789280318734246886106415251850145001787576354947073047766249804272413e-265
1.36241342214903337007192765608383358407514682664716800341950670151333995696133662484645964198212810612266797811081118695327145759372604809100553978970783379141100915384603396267644334149014159408930584024479127989953448498956166278389236640499704539346827914044990016882759886317050829361944771262647888e-265
-5.20194215730725284251499906521549107932456647873071989833884019923248159679107442401238049667211603966105073742434092681554116542894122348292224787002574180948502304211782978922359569007067311401615275047752843945348663733435673376430794900397387494940542827880447308356629092651775821274225975235178872e-266
1.98619609641490419699565770040078321949324488085961794229064930398298852086057099132008638170314967091535936913902757182826277029636399624276161989783772129478631520440490850323042133614660027947675245747906631097760616780394888247874804617423013549678954751595252123131444632609521100608424848839812014e-266
-7.58365782279518761186520821943235583914543167229890043221423202494660128553917583320757421290401973001716055193152611170349945152674425611954206101932014621067353682620559189285997927679344453354889268255995650115392513276788068031171761577496863804498115022858546070470310823144893769245321375635383507e-267
2.89557844130504333290731986014744576401423090962662726217084869847705129450848948254235823213330635872933639779769168277134440092022582734780766028043490322398989271007128796320552763231693816027012081408369269214768824457393433093487729072638980818192383303343247349661060900797438916123114613778998123e-267
-1.10558449590231706691657992369109636014487405525752501228595216178284611709086024138254985597396536345532715146012268859555607372158447607263695483376582979043864747004293147047546262952501250978012205576915677856496298934283930406128304469562365416669184335368550605456440739593171993908307480146588398e-267
4.22132261935935002095207967351352444939638338724243500322475137184128844118042666443817979308511519749687368530984577477162335923067250474884736248069807827019020922063823792350947651097651415603541231316085797139924050424376607589082274492342499529388627231834463192936950751361018641720155299421709792e-268
-1.61177772879750752984883389780350810817690245426854395426519661116208766619932287088104023714737100004741080543622801965079224725220595903317538456352390446331478862908244704813171833325981181224591456828010809797978639365481147832676429652054328250483067704882371956560715483888902771989786537273605308e-268
6.15406040443559487067226503601079048008121888397536716564878523778984179461211534309832051574335340959308932100856493409194517891533733990362082341013559824366543847154898847617723983401076710346468523323667125145626133610014033413380745823296142524674331518961414364500056124478769485534263116649744128e-269
-2.34973216961599986942980832457763029747453738080258902091592001851623893216243107354424583110291300147937112221030465564028220902175857593115104953463634070171859354688126364414693924567864325319236270067396420636527338200513548470124857098443871095853403425699670498612145731174386805044501512862556391e-269
8.97170449105921984980178633285765064071996348599739716951171891037808541935069086201045848335269955508799967406447435471783994282214495164557313360461443595205599647816710372392371306906460590414406562134653360692730508745899093335885505491808175649418376250795806887176923823553439617570076143929569622e-270
-3.42556005678914343385111968002085186114683691517014317539835355033629757108863907995767479892406117233239103636571128168521249695621708705848691477140103011397314646211597002645166205970096321282512244433870853435445505362284829644395747276502655195889907114939250011228231166360396623488684663510177059e-270
1.30794094946553008677729815646305351060667532944872938170194416706234723115773051914527426437878500591083932871873154177518432640272166833149122619913259984788569328530486454471993031534787933771226377405804479142292235804646599247420813272992854626961894930641469487623969102117930391662035535760183475e-270
-4.99395800626865408100178717499261031276237134454381818269296990548260189019934713459403432650122108520331294175623145370454245078146740807700616282268322601356622552684997200731050152783295929991401835842965737306611902723259431616600734497596690920785432964594267451032481348468887151041101772676486822e-271
1.90678229306897390521652883916470381377049099033592844221763481448370027421105293991019610345153199034361022046356304146765442963102906685405832594950781189808470737663912590023011137938591315587934879590565064399265962749994999026782293825727480790776382682228947775180721007483692830857269512817018409e-271
-7.28045838235123429556554100324846759381610590994880586805267717330935324859133401169105595363597984951235263784145657163076935830286546662055042992357573859367884656142745689290854801503817313678700725691322827650539421829371834930970699062236236263329257964595407159062308149598848756162045792502973559e-272
2.77979429279230275133087943768865860317723459128057399388126005070662520145980024585239398440082026349002354415665683544416036852029343519528063403430985793988457041868261140164393322423890574616585278190279824281441689595659489537622928357427564661614257669892144102593875093171634821900689547795973195e-272
-1.06139314510106998486207540963118807970650788114160275124524458649947901388467714069780884121488900812570006833582812500048569555753982297132763537303964311393161471084864270849944057927955487649177179161140997089969109071079457099689783255218958631674915587336883371238346056295399033124026057523180172e-272
4.05242081626671743072563078058589690521535627863254791354328304637982578981628592552396316530874597503328242452353662298647542315425840928159725477654703260394009942720928397799577341825465627851379895569968804544838158721114807236811888586748297409677064515271404104109092838410813106055482765985631929e-273
-1.54745813512123028450059037228301587459300283314838259622589476685178385924576065119434401593880331564034397934059077289373259066909755369526126911298861979754162806381707778515077485831706678582281984410082578773102296265415283501553748269778060795146296872731934347096145801227026924207377443772979383e-273
5.90678308810888746058353721129655685585367454629203296629715628545599769535219465191972458038248441476092832872752769655584952162635070966250209960469104003777914816300179537525416946853696030545159070867710385301122105074395173692748457043707559208454598809447449097562178601693358330893794148351123062e-274
-2.25699139798688833722983580562244202071183340240559038839542602686996159614469115812685638845596330811342505843104943365492433002978110693987157122938974463243236253002719879378306977741790296901379438208433068309253424545621621454792129530009799075104793174599788233783491800819371398323872454505554289e-274
8.60117810537839060316637985705671646489259793620142538529492245446369868866708856700010633387905941874713167355751807289742150090527536495000284078358329352260097156570748419710252327533916408585421736731197271095337994619306649571474781331766632864036710761980120562058267905515474949429330077548339353e-275
-3.30011406586429222898415491494913557693145396308775505336593948146074058623687685784019307139518717659613989670273441027915386513783648567876775780961552034445308994728586921756320230024964589703556791116469490206072877846044264363682394233045100781565067253613063474381756088048714112939110003319221615e-275
1.24436442919145104862139233516925025049279937701264312880114442096180719079199251864879320651248607190992197074983601451246316201962398434704801835543820576585501808910739868616747124143356182150172539329728577508538781434693795802624211463605000191951844534081181097519260696302462558814561224545151163e-275
-4.90349652091958309031237300535420946985124643756884971283323696692232818803773098026093309666745085966978460481112478674342958478735434908776676839778301840345149281399977013054833168572794164379070442922385781314456935530353368742949381808504142761557680074670245323555126327090707026184216334305147212e-276
1.7245122874145784948531778653629771670698129306095156920263936190665921352970822983859354123397868758062440113949831215607061394475609404982448563936789383827026501023622531554054029072588677958063903880949876986903716384539505257676423820926620741592493400048439034872582315621823025201330372908754978e-276
-8.00786709440461441775329363723446319795743599188643765624991221078184970690758491980405243046979784293654351476047413625367804771630540447807000999106165186073061122828675020441385674570206376475343135088776706675477525778021259884815878297174934849908718355051398795991040963736702203688714378069941273e-277
1.68524923172153775552788591900239929599491502455317572875431253404027932529949507236805291498533685554687360827126432617662127116578385379257462282653787906908802610263827341498456174994807637135166475477650348625989277521532905514122297630688647565590019642118501252893929131476362419234306736504507597e-277
-1.95016057413602744846104881874166707588395352749664397615054557233206040826851078575341531412631050120556213029221285874574510746470507539254780231848980609381327307421023270070781724649390855384681433364506863619746909877505577089059517565401524206383012296846766279854229300309653916542474058695623171e-277
-4.89216974587709762568865267606876871841118557806745537171623253735106621813242639370725377773923423726055825902022214614535253251135159163338640940555807692792995394286008703707221005037914012471481048697645626704500145270967127238933628430434238947539643954160178215667133985296374788224309730776947351e-278
-9.53408713806363367142049462314996584362704338189219011301742926086755853935608080281741780817532451622616202294780391039148489492117869705115643036756341411461270779254538916743096632381730775842998002976648148595315457112580550474346939625612095877536149994723776202974898487392687033130309111009801064e-278
-6.69731988154612388307004062234904857149829355673504027334711608923261819926277262414671208562190711719116176915805719738214357637478682683380094118160705088855518598195051771332891744361611118208982912401200241027855120619595420089817559260169997673486501434118113782723030610330902100175784232062337295e-278
-6.48044714079747417105976025626631666969320479209961466762398490970411060071322961061242390702121673795279318003675995511403324710292146669472809437570938603174523051528287226362999619896376249253255508935562943272834697362124641052760440706988902591577427001937926697500817852441841425478502043884646713e-278
-5.09168452519254589092934915390351639275228732905865392865769240852490397867717827709382322777734240724760942092110058430745227299685184800806232792809273648108207526758704808803791086907929316617462083000870203981960332368176514874077558481588844277459900691901499056630602524442974554130420186874677956e-278
-3.90562587117833751159425117074915184624290481159291710775746767435436056904283533568563006929440959274279097198917804440117561383346645699120648110013060278587622166672078749817926461086397842276635763701661158728784269436570653261999982916035974876629018250099771650311478977046219282622667299136475403e-278
-2.63979760993139415242757228701942344194780209277632649339388029121397947048288637906307176844037415556311871876426188375162601340805588542380061751465038520846046626334052134402573905763495618433437974670197289080842936019360646233352514877775658765585538715882455907762959568829872569189162360968753653e-278
-1.29084399412994424610881429444867695048969564731715705763953694365618025633348828351766578602202958159346169394963339780858283735614809781612074043582109012199004100881399451953433731279004051839814978860532547486937958779996172134541100879785557458496345565428207983053503466937663232909392923364138611e-278
