4.4588172360332232e+16
-1.702457490121776e+16
6.500292235010418e+15
-2.4819297624585235e+15
9.4764590930234500e+14
-3.6182843809725906e+14
1.3815267636440803e+14
-5.2749203702773961e+13
2.0140605050150062e+13
-7.6900492009663838e+12
2.9362006040053467e+12
-1.1210947760747686e+12
4.2805436904672974e+11
-1.6343894090875137e+11
6.240395925606871e+10
-2.3826966261408054e+10
9.0975689361739922e+09
-3.4736172301755166e+09
1.3262902151579304e+09
-5.0640171851483965e+08
1.933533834329457e+08
-7.3825837310753733e+07
2.8188046973204676e+07
-1.0762708844306288e+07
4.109397922380155e+06
-1.5690428430814957e+06
5.9908908554977528e+05
-2.2874310538169145e+05
8.733827661081015e+04
-3.3347341967642547e+04
1.2732621490103795e+04
-4.8615463750445351e+03
1.8562268103859767e+03
-7.0874113256582473e+02
2.7061026443227962e+02
-1.0332390470845013e+02
3.9450960520506364e+01
-1.5063078254730804e+01
5.7513736199972305
-2.1959618116121553
8.384761274998036e-01
-3.2012663621006532e-01
1.2224981976166482e-01
-4.6656652874632831e-02
1.7835861463024294e-02
-6.7875454617746245e-03
2.6151878755307223e-03
-9.7381014655140152e-04
3.9774604811126935e-04
-1.2464411304191625e-04
7.6202122429869235e-05
1.0077072256642339e-06
3.1328841508582173e-05
2.1494040423064575e-05
2.7147229084256708e-05
2.7050241707460287e-05
2.9371973817804431e-05
3.0955069918681133e-05
3.3204575673684289e-05
3.520202572548925e-05
3.8619211994994629e-05
3.9639289132864519e-05
4.7231209045595079e-05
4.1918420203623796e-05
6.832549182078651e-05
2.2964549698523129e-05
1.2351483299855026e-04
7.1279612637420442e-05
-1.1005124665175448e-04
3.6209303344758581e-04
2.5483850685681375e-04
-9.6970266806473138e-04
3.7493340240863926e-03
-2.1973706313289654e-03
-2.9811506122973119e-03
4.877998185782495e-03
-3.5778209272686601e-03
3.2380262370355073e-03
-1.8468444471118062e-03
1.7022465047182855e-03
3.7599383516337959e-03
-9.2932384317617744e-03
3.5160133778366909e-03
8.8050654472748846e-04
-1.3694496887007857e-03
3.5137722448697062e-04
-2.0626340514917629e-04
-8.114319017271665e-05
-9.0684793317308277e-05
-8.2741119203699753e-05
-7.7448415799596937e-05
-7.2671422345127468e-05
-6.8458143197669408e-05
-6.471390581375136e-05
-6.1368460694488647e-05
-5.8363658429483323e-05
-5.5651522508415319e-05
-5.3192283784531114e-05
-5.0952804021564546e-05
-4.8905315741754052e-05
-4.7026419303097811e-05
-4.5296284696849654e-05
-4.3698014757675985e-05
-4.2217135219679847e-05
-4.0841184467454994e-05
-3.9559381824871842e-05
-3.8362357934973446e-05
-3.7241934441656355e-05
-3.619094300444381e-05
-3.5203075855139154e-05
-3.4272761771592108e-05
-3.3395062644658857e-05
-3.2565586809418789e-05
-3.1780416092641595e-05
-3.1036044139010066e-05
-3.0329324051225903e-05
-2.9657423759710255e-05
-2.9017787833818254e-05
-2.840810468318633e-05
-2.7826278289011519e-05
-2.727040375627432e-05
-2.6738746101595545e-05
-2.6229721791004579e-05
-2.5741882622276613e-05
-2.5273901613553917e-05
-2.4824560615033242e-05
-2.4392739402467889e-05
-2.3977406053088401e-05
-2.3577608429414809e-05
-2.3192466627852681e-05
-2.2821166265729609e-05
-2.2462952502189104e-05
-2.2117124698572965e-05
-2.1783031643907158e-05
-2.1460067273548766e-05
-2.1147666825149791e-05
-2.0845303379757318e-05
-2.0552484743974198e-05
-2.0268750634988564e-05
-1.999367013472142e-05
-1.9726839383005235e-05
-1.9467879485257633e-05
-1.9216434610336286e-05
-1.8972170260478372e-05
-1.8734771693007524e-05
-1.8503942481928881e-05
-1.827940320120458e-05
-1.8060890221716086e-05
-1.7848154607924549e-05
-1.764096110545843e-05
-1.7439087212522963e-05
-1.7242322324029224e-05
-1.7050466945667253e-05
-1.6863331968042239e-05
-1.6680737997210038e-05
-1.6502514737504193e-05
-1.6328500418771874e-05
-1.6158541268573856e-05
-1.5992491021354915e-05
-1.5830210464251593e-05
-1.5671567015318466e-05
-1.5516434331619422e-05
-1.5364691944963482e-05
-1.5216224922509625e-05
-1.50709235512414e-05
-1.4928683043091695e-05
-1.4789403260606626e-05
-1.4652988460150951e-05
-1.451934705232194e-05
-1.4388391377795351e-05
-1.4260037497271227e-05
-1.4134204995630562e-05
-1.4010816796972136e-05
-1.3889798992750002e-05
-1.3771080678903758e-05
-1.3654593804646176e-05
-1.3540273028467276e-05
-1.342805558435245e-05
-1.3317881154772948e-05
-1.3209691752003039e-05
-1.3103431605654414e-05
-1.2999047056760915e-05
-1.2896486458302547e-05
-1.2795700080947547e-05
-1.269664002423454e-05
-1.2599260132084567e-05
-1.2503515914419339e-05
-1.2409364471110962e-05
-1.2316764421260729e-05
-1.2225675836363692e-05
-1.2136060176026753e-05
-1.2047880227905594e-05
-1.196110005030615e-05
-1.1875684918116747e-05
-1.1791601271071706e-05
-1.17088166652346e-05
-1.1627299725813778e-05
-1.1547020103863659e-05
-1.1467948433652175e-05
-1.1390056292914785e-05
-1.1313316165328935e-05
-1.1237701403543632e-05
-1.1163186195539687e-05
-1.1089745531434048e-05
-1.1017355171949461e-05
-1.0945991619437656e-05
-1.0875632088680476e-05
-1.0806254479911459e-05
-1.0737837353502755e-05
-1.0670359904541016e-05
-1.0603801939512714e-05
-1.0538143853766613e-05
-1.0473366609975443e-05
-1.0409451717596774e-05
-1.0346381212777978e-05
-1.0284137639926527e-05
-1.0222704033502339e-05
-1.0162063900698293e-05
-1.0102201204786887e-05
-1.0043100349577117e-05
-9.9847461638713497e-06
-9.9271238870324296e-06
-9.8702191549948637e-06
-9.8140179870531696e-06
-9.7585067725391994e-06
-9.7036722592758196e-06
-9.6495015405873019e-06
-9.5959820449742494e-06
-9.5431015247893214e-06
-9.4908480455790922e-06
-9.4392099760920445e-06
-9.3881759787306507e-06
-9.3377350000034554e-06
-9.2878762619763577e-06
-9.2385892528357161e-06
-9.1898637193388311e-06
-9.1416896585982954e-06
-9.0940573103104327e-06
-9.046957149205781e-06
-9.0003798780546873e-06
-8.9543164211169923e-06
-8.9087579168145581e-06
-8.863695711847086e-06
-8.8191213548638459e-06
-8.7750265906905156e-06
-8.7314033542229552e-06
-8.6882437653201805e-06
-8.6455401230312034e-06
-8.6032849008210732e-06
-8.5614707414638502e-06
-8.5200904522686471e-06
-8.4791370000836253e-06
-8.4386035074102139e-06
-8.3984832478511962e-06
-8.3587696415587942e-06
-8.3194562516819559e-06
-8.2805367801475072e-06
-8.242005063996416e-06
-8.2038550719421011e-06
-8.1660809001515844e-06
-8.1286767696919782e-06
-8.0916370224226597e-06
-8.0549561185527807e-06
-8.0186286327554868e-06
-7.9826492517254266e-06
-7.9470127710701277e-06
-7.9117140925344387e-06
-7.8767482211139495e-06
-7.8421102626125005e-06
-7.8077954208666256e-06
-7.7737989956361275e-06
-7.7401163796064765e-06
-7.7067430565014305e-06
-7.6736745988625898e-06
-7.6409066654958835e-06
-7.6084349994731681e-06
-7.5762554261338266e-06
-7.5443638511973887e-06
-7.5127562585430852e-06
-7.4814287083224684e-06
-7.4503773356271452e-06
-7.4195983477132188e-06
-7.3890880234461775e-06
-7.3588427107473819e-06
-7.328858825261797e-06
-7.29913284880368e-06
-7.2696613278022681e-06
-7.2404408716364443e-06
-7.2114681514134915e-06
-7.1827398985258029e-06
-7.1542529030965696e-06
-7.1260040126475133e-06
-7.0979901309886628e-06
-7.0702082167750646e-06
-7.0426552825075817e-06
-7.0153283930896038e-06
-6.9882246646058022e-06
-6.9613412635449734e-06
-6.9346754052457271e-06
-6.9082243532303522e-06
-6.8819854178725492e-06
-6.8559559556202743e-06
-6.8301333675524489e-06
-6.8045150989348713e-06
-6.779098638221015e-06
-6.7538815156087395e-06
-6.7288613025962007e-06
-6.7040356207526131e-06
-6.6794018431792779e-06
-6.6549637596224898e-06
-6.6306162688212211e-06
-6.6076759472899482e-06
-6.57356132971465e-06
-6.6138290807371547e-06
-6.3490287239842402e-06
-6.5984027234344822e-06
-8.4392924394327551e-06
-2.3699897100382117e-07
-7.0739275462861073e-06
-2.6595558628050853e-05
6.2465532280064906e-06
-4.3129047955225985e-07
-4.1473930576518825e-06
2.2086724702496952e-06
-6.4254798662899404e-06
6.8502041277174186e-06
-1.2507921237414621e-05
-4.3152156729009405e-06
7.2337726875204567e-06
-3.2414008243053516e-06
-3.3325700443675998e-07
-4.9112289135511134e-07
-1.5725961028945079e-06
-1.0900907420063888e-06
-1.0332757581776875e-06
-1.2392889462420342e-06
-1.1474378371900684e-06
-1.1968571992371224e-06
-1.1799477933616132e-06
-1.1863578797122187e-06
-1.1777390347411654e-06
-1.1724817623459671e-06
-1.1631064098516219e-06
-1.1529063906889903e-06
-1.1410989932958415e-06
-1.1282574471360718e-06
-1.1143682380199138e-06
-1.099641970148113e-06
-1.0841530357907914e-06
-1.0680062164647453e-06
-1.0512748553903606e-06
-1.0340276147546845e-06
-1.0163208407076851e-06
-9.9820426768815196e-07
-9.7972111101629622e-07
-9.6090899714962319e-07
-9.4180096255058743e-07
-9.2242614768700548e-07
-9.0281030895589254e-07
-8.8297629163847091e-07
-8.629444514518525e-07
-8.4273295075654175e-07
-8.2235805365371561e-07
-8.0183435602343422e-07
-7.8117499224816811e-07
-7.603918030785195e-07
-7.3949548851093283e-07
-7.1849573490823104e-07
-6.974013276872526e-07
-6.7622024879643305e-07
-6.549597615368441e-07
-6.3362648627940388e-07
-6.1222646530190161e-07
-5.907652215197956e-07
-5.6924781011158387e-07
-5.4767886370488128e-07
-5.2606263356569372e-07
-5.0440302556964411e-07
-4.8270363306457398e-07
-4.6096776606940892e-07
-4.3919847747542207e-07
-4.1739858669398444e-07
-3.955707017500032e-07
-3.7371723815571301e-07
-3.5184043700731138e-07
-3.2994238141625942e-07
-3.0802501105320346e-07
-2.8609013602576283e-07
-2.641394494240501e-07
-2.4217453920005738e-07
-2.201968987147751e-07
-1.9820793728531072e-07
-1.7620898906667293e-07
-1.5420132271071196e-07
-1.3218614913768079e-07
-1.1016463019597467e-07
-8.8137885656536241e-08
-6.6107001317483594e-08
-4.4073035665448401e-08
-2.2037026981003294e-08
