-1.82747890726656283158598181860207856841556489962133002241325533075984378005185908150033957102225072803684123265956605222340612445542636624832800674209344792623184726451056371941721848847637638041802843251607669632938579688359173870648749847556117319162586846983343327048536376628842774551490643774165511e-219
6.97764673683596717514647603466248180691247751516445514407053977282637579122695268274560820606394134942577811063537853173845567693034025380318305675458762766776515618997683205373504564877557714298057191903959375739651152432333394914456251320010275730351768591535263042875143329246615204697273406763604886e-220
-2.66419239042827837596501812232567487127566159127284307023002688251547410457029410846192807387614361208722878395111080478069822876865633318980644423837791711253773185081481709944440288700468155199368939626739796585071248971314364245282681632371480826618522357838626987200674002770157352437089981439297107e-220
1.0172370945271608344593705557970758606212338643908431542637412910201316975083755768561045022560893520629412720895348393115536226155866413707708592645139464150722460241197319118835734063738900471878890822575196332943599464382509194307442576475018221542863436552782316489153410590854809835995982527990451e-220
-3.88399617910370500429941484940701691326351181025645554723570581358252009356409309199613810710171467438024596934281241917587280918738079362759834529848999565906572203900338457860082153052213395200554176364158434713532167770863530066057518397340707979273404392044252855912579948852503375238131442269629096e-221
1.4829803592941419107325038515917701055041967818210264721793525335372916285505472318396006858893104986350177934342376097410451610842323404048137293978386780845025724291785046186188764711865865564743517676744406110635104508737760344342681181448671243452235789448172932034708556792084619193154516037958239e-221
-5.66228864457763275006956016062312208547786169091752358983408674776869884045272128130657146726636673703122427523364066083996436722684772415863408403076743463319220941463461837886604039916507109610455046285609077692037292729862524206090080219952414686376899098955082582529762479231081924654914057312701833e-222
2.16196475520236886820837751587428313481670188605985730596710028212946074825951041524825846149666328428380226015506875065622396976499805495879702541106956049770137973597498769718031962968323038120353177389560397885534569320996083980177718210172066700339175476756053222891652238742140407238597851947836821e-222
-8.25477451986359022406835051515635200609461805700283306772632155331109286706621713012953251007673040060266302790728059241700244479300972046651971289221393794268940113066873460924607208706432357044580628400594447531307801161550626379023165077548112919818497016186054947109475831385597156109031960365688972e-223
3.15182299849337081282609746942333639421938981341710097387348741438969131395108024769957057423316217027571249078400923990945464379514776169384822570530843222035895063095460791265283746297556656596525919134619865107562964829662427011231194445562254186979974136131832634349022021324306172198181889373052451e-223
-1.20342332669746885580632812468890805226966531049799621657495455105107472240706666941855454252408384762457134415019841895449877871462966706602458197855939910576835271159296817248808667762520159573409481181125080040232804311951274349204834252794125057115642010998288725939049386848595481631512013611366639e-223
4.59488906557215381307870738517585494269770307202431841726532275673628227452317369222921880608587589959455744011431987022730089774717258547108435039913559231689348245359250750041185677563510929310084049231275545981121034575520933837420805456625914334665353545025501489041511472888962233205252098624972763e-224
-1.75441218867300418317550645615802743589843931094996360109847041533473687939980164571482897795545614870064042423415019479096788098537080046532272697177025084676396564857711651886827119204366406974853644981377523573215569063625958155711197074595244391006825303254999887326079357737826022273548324979046797e-224
6.69866472038783415394284283260366041098953012723950842646942731665976855577833645511416034482961449380799521223162802204829264003496222811866645482200792580722740354650986302166813151217147424660808949310829164324538439645831855017060208810046958415047794335768059419207555583912057565000058969777390027e-225
-2.55767198414808213150544908153927761403568711489005652148987596637481167964555085802920442983097007927118391044763529351228445533820751408326345905680935532918050779829844448951119198204648404700322479474635798886874144776061000797981713080623752129477186092545508642785191512249626983379307006258081307e-225
9.76565666674722268392989649315317695183287275690755132685670434419095921781363337835745099058522498865277294891903016848149129822891468475119651604383280583270154722616124038311547450373781896772464464180658442411495446237746233484056170757341394223084086060065079121433004542582703858628221519667940381e-226
-3.72870527275803047931868775192779976145741463323439618203137998067877875782618802617578450758566850510060584183254967738513174449556998776403017278233283066110103938065568594945666538214334927442963541918495592473999180951628156861950013008958228375140074206711226428836567848619816824117205968551199449e-226
1.42368746778033891028531714164877988882112786132545809748739044537353020268152719243958057179115298787988210061917475548618975425382428756343634107513532759431989384142827051959732291876145332628139559042644697601882032038443997333339617628763344647175366981025588780932388451164640887147148913799358858e-226
-5.43589760425220311199848363171184395783395085452344868617905862238939075201099644949630989165928708311027165980252576462382573280220317216000718132643856149333310510874454089751363784503730685902890795601083584634115724684271548930723827184874857998107064464948875820873096844666942726305593639277848323e-227
2.07552453980538664276305738669350818207932459385560748384646086030195572449401036204696726772669355601152818653184959142883780605091655348663772467280194372484054345775622680421457586694100746954018857801603807402041699831145040664963762146357344589941944881089255858135673323235974145450659235701048505e-227
-7.92473006107511263600440093059550457273306387073052309868435581726948177339538360294197140818438839900187475730400643437249245233442602440246651369445923647737958025763673934592227144671430077906342834821417193675741600478935213836960800368024018684327091248498792854111969182070374284753984133707129442e-228
3.02580602331958846101986217393348508363259576060018473431114736877048772901825216268797142543845974087596413457350801517349504992079277892723126796639166853408434808450311625462817285627623822292284566794601465761080073484768802487129433095208084008460512816144766977947598563622198581678085130687694024e-228
-1.15530775435838832148031101141519361499698064564334128447451842682015851337740491800348799552051103170797308328489825752402087942669727871141438427577699261453443073641261383290738437934624297940423193194011469925910753663114935548002751073681543260910092041285022606071598913197675792514535043109081615e-228
4.41117506209566450019755113915568496852375642056351678904008525715903731602789045038166463568231035949861908965410119726416424316979048792935866381396603630495448980524038820099191141301077051743391160613434159607828494209207779340915813146786886974899997903249097202739700234481806125083356226800571363e-229
-1.68426684189107190007542861195592129922185451809455739266473773827791172182904054976172983699446874009108515349422573878323120128445545772845237845939532911752575425240942248687142151907649030017188524080506768076039036481069855981839938721817531967712960254122648161965220589321640083356159819620977928e-229
6.43083703267500180028800020439661028600011688491863189068306616544066974500735910255927095862069688112503629441246374639908358945650056956991822475480236095423447260727249224094823778391795595779278371553768286690275856373386031337993122443403108923583332622080597294353814019534400791150598858153168583e-230
-2.45541050338500068738269093600879104410433091944904090659193708592671963611385043775604888908966820618132138145460774182250880291978133914755867590194688821263317981557672025743660244832892582389590156123293676997114272656704407152743132804932211342341119661705577963551904033385050840760996081372639604e-230
9.37520374019727535182482046338601805622576716966364750027404261707483963234407696110095026671913964799022584903712080136216537768918428163929490201054403240997663258061661514230588354355280862361230021051321518148546399570749893220677766991104884240275372143099626899604739162680791121799075596902475005e-231
-3.57962324625714149796947636425892665619922491376526879299005136965218196400274864984558601119475689065114846147547015513153783935385689675686522433307475637544087355726637107578714610438422311352224247210822035405893059194566218462441834514786949186286415653754967253105296558088305571449349608536148341e-231
1.36676523947999948104289152919415262877114806524109437773485607422077249311574221301813044805450730683068832574763619256098859300737748647414731988810953871895812275771354580535942383052728908357574232149484828437718133245670267522725166658850304762389902104331572072722786572037628825824159950449947569e-231
-5.21855818710545256398194380278766236256458537754837717426713451113605825345532036842851393929234098089988201494780577755237511898483915767941346215982222630531648032778248117487343895519769840312156752822243428695350182700351774273895695664684155146239099863126431529496352200181050404644611016445889196e-232
1.99254039871299097897492980189924671319685590067928500602266461639746477628580012057135097888178364750520736022492793589316558545877244382166633037986854864598323269907015659579283408631025631651876275801043463149049068379958453091359427477730330398836112983777416676726627255845303903137997419094624572e-232
-7.60788152235869282881330894148446695052382976585537610483668881238462598978736807125606989447204143098878106681687189705689002857404785409247263835911262560193127068867531492462980789399743622119840942214123628203988889963946687010264308153320830443439404946915685637054988850304837880578880188220919244e-233
2.9048274903551372619105967320577563051874654217903082744209175448287914254957507035682893676096038386343892598337328353768759753269050404651145846310846895537220810912670978851486817420335554524846693418943952277200115001379060620163080909071632003345623949871034297084934819474279303443488073071724785e-233
-1.10911595086287059091125694944903578626937441237237668826707427620108739947933142341526856344961401824523857645067340443677591229904334863947371378700841696427172657594998588871331305849197257980789609471675167873935934800484540451017865100079659955957292276508942127523389895829197066320702183709110758e-233
4.23480635784005134711633740638709210436357256967799009242478767691833085776446393628457169901643182663472691067436179738339243754805174550444020185427522363314544034855283508733312566946454219190009215683492163228956655295070251921100406800094023252471930266412502268519687821406254628782157676715528905e-234
-1.61692606390256505980741839273882620993655097332167826511668536758067558182908263808952420023266038442119721744710878727959773587976773766592811431507746042261897971844535554630491041499176610636500201517208134116317175492921747021632030345056571332962208965014355343907729114683606434450431388842671559e-234
6.1737176985370665919984172413528987738314990718706995381242728201676696543908481747367105915172031742688072304518265298480266513157970916166618714412720566968105801402371075384453917139243312701184443169034445423475976644728956587586451503156774423123451767966291205747108276815969312682902000255021931e-235
-2.35723766671415269875647917975850987857812460292142525501065400239066216589874115078581617876219941524794889820593493712497733572261630704186601902698932482008804330524008328511148154116716539594481445628078639167726675839479367925018949590261925477123832556021323620917182642692816720118724139530658139e-235
9.00036200018131030440938567248048797654737277233835850201793518285019900040155617373635288276989570108821373982950605333286915959797517933510997938810091386505426800929721367404001345817013582948150515755921131278488864641857482139391867496610812559363831941377811782316143374268921151715223312173532589e-236
-3.43650185461468211616173654723974327853669859800943929182991838398333359775744659459458291864875766938357599011548234498404664512624576613585827772168768453637826681007461599696655682140381042663092600977209904630824700450926291548073798318125593776174059411086297105820688521892355731641689535820141911e-236
1.3121188899437877171480191622141345076619661911558898906713781241455136302902208401697854222517820451755268871205897889593860525007278600487468047593550081239539769405011378926337033826468766459378560174220165654089398143041150248055700931897459208549895739770763602811956190510895699993301171089924748e-236
-5.00990848887628037387825364369628321528739742723984806197452338847404816470875768855894893809762488637806987649932165346850851403900605057331996349015270322638050872703805841234532039498399849332922123694456979756601315609770474169844631917293308800212240397663963781406655426387745344694985672988228191e-237
1.91287415029821614344466669931100134405514113396795379685023983573320723660597269542618932440714508335456509847213051382992990108299452234598940575078876498574711604960672416160725140635645106314381593504498299634705617108224703982420535233106171438557519591111338839015146533125418298475470194064347255e-237
-7.30370130113864344980803674330342377591978525459798124705667598662610893796116189976666654075091295279360705664622971475567360680105152666021953914619016373289297562498071283930360480647343378807954897529831945017288708050146463690573430322074397760662796244085525350637787434380208253099798030109747472e-238
2.78868595134384568787722623728380779926180409552909798545278031456461738611616666193126236672217281585847893436235060380596559699758809268020739069351956265190732481572001433720256996263008463158699314582790199854700424987386528452754739205985412984028035382553525549768370492621822413307320543480786935e-238
-1.06477099960401380101009878146498104740990393409428001909825687799648936906761652100317999117002510031676168832369789191515181430213308146359151372621460716316095105007684940876702598738400525921724637565626580169171500938217127460413706555919161787670195883056883103018718497178330364996276132280823952e-238
4.0654892712153254932602132269299013446544854928555632688830109928759373046098143856483551967670857888956067398218663142617046779472497757386855428609255162293688143109955744628072449157527786033223632722700426126726448680777094999811815304463950655249852727976950172312357989336757787026242696474422183e-239
-1.55227772173676057130136930434908429152895006579788196585060493456511830170275777195915185644729137832967808908763974618240665371788409485144812379078020201838124721853580535809230030002203789510804899462563661981051974504527847973235099078847870871246640564317586276634465983798479340865513195844540901e-239
5.92687857390399562802335992934620651537295641274816620007303612778273792762229065097425614576051789698411107035792336934308088585490173740025327522765426522407375375244218350975642576746226542197658509748876236333134850985638296530688944405127656947911058858819901358461516146230553428034841073723628782e-240
-2.26299000094516124496954251269986823549841204924715750052866897538737787371245924938083208604202672040564775263154029529557216413483631564550131535824742950552683172053541914180200559597287043114343458778506339088989035028852030431353596970077558282713936371726707242496200721401031597731810562182807504e-240
8.64050727633607745584952609731486876807131109395805660267506419020556612666754745062047257192014845707878007954924991773089687596569594998268603847977100453755986455903682475586217461060741024507521843356827199130954121943096566523728664530884518822543011835690452308482148171565409546968627523958311282e-241
-3.29910277823740411634578229532102900031275661744455862806672391635810788540406004984943588189168598433561373862834152410236707386485118006601387568351514885202552648943238733614729181127961459828302443536428810727366691690755611348649380318214160759289954203696342252931446800802274915484162414746376918e-241
1.25965742441792523295899424095310491127418174348492032622099158664813936246546172023061141100490354912420975270862737763700139399302566418448967551479775694421976241370982744768927355673583198572805492921761720579030884219319884802016756038291998163797147629702679024464694802121161160579947214054856025e-241
-4.80960107505018681332620521757049019183437122964284194247889812034717783948075198117468604528338821203349932972172471536690454358499685106951593934871211057382536022790775926702537908674450396747974105425721225684573444162043242071649609768378219669069211570048639132738028258211313892145046953479615671e-242
1.83639313774650824286236808396574314823387451463542879958148838280890370677511877294684869569471668841270496527669900357182922519288895531956603932248275734196147741125273925820003382598418336940359955399545904134864854077762333643402393375515630883582595054336584836307710656631887996975433858679884641e-242
-7.01168288957684381293112177345085055629718454217098190030852699687047177372174048623319725326589878545279983639943945618013383747466169864872988471425875448485669227975235054354246699947322410397399755141619500392043139474965826332230879862388992946273635554621837513604289695386244979126470116488127331e-243
2.67718801238461803339329168600400361289318011517581285551417944303826156770089910673509958653577687281330168525784410042810348341601284735707173014566434993553776449871353927216474719349791963295512503278392584217375937183312151394182722968675565093725073000918647073733568555357927699842695984019405774e-243
-1.02219905927339597468118697676135820795346463334768287812278722675647828310109686163568979796034590982166457222982328260996390265220323572327956894997940434531277614215872309595246996232124081371822063139516302460317086066035348411138051743601252455632721827055323721405297102667784983969269997374703884e-243
3.90294186268753105191148836421285804858348911748826420576720608809186573653817875170006248096522334512290726463471880608239396074839485772851729988976629640675852455536906565133980303011111573695457103288896181343858673206356849769733846240759955309686356463664585879525342721874956699478118091489075368e-244
-1.49021416574614841733435134813153516854896202928513425886647313659496543148567472136072534161796612001235822764962508648655282421830446488600772165973815430586167038525432699710654881741871568264616492003878092677002439358952675600811470772172441629144445105077780325037053781312130756123855026425850081e-244
5.6899086329213900001099463632228271813686252482003886089266295752891442561372787813036784948518841191581266978680534496179652611314080495309669497259924870704087791875834024070151842849226764232252362714884893961960590770000839864544284128899861399974239518890825739536977604180448509821469779334678612e-245
-2.1725105688615326682174233675315065256904358406095194290849788262540333456788976944396506985184761903757613758511575460650828801974652007785940325845800874943621698710069149206114400527231810172880177500788820373779097565379586744271899176106811875636870228784105646990868206306464179554868509143832292e-245
8.29504035455116079109744250274976678427727873736057656590672455560780002222714936226710156839646989100333021707954436530533055036498155068917885835653262701927943632997326000387686149170339821123390236001895628593293899578334639609359073402032052153219385834544627980902488099143686950922897002150965952e-246
-3.16719722557028892855179821729620095875363007067129368934773775515001144921508323701269166090586739559514834272087517500835454896142256323156850889537388928781598725409526943648813909758881690191009795898672039603424285997870920439851730806709731281968516724699401803657545940319740146148679890697530023e-246
1.20929348683565939030635158832872512124665727202006702859794582680849274376612785500675745096463963661620454545204000703732332792899788559557606794744855416042660514271564762342020892576032588053798054259707310671749519449251763062483023023341124919127373752413232845004410238072965848658845139791178273e-246
-4.61730239724777141773222155450955338228595885573608298157651047897382365463430468770038242147975775393349439364069194711082568882751151398601838482466662462821069946891653680998496874186414419300360986334738089715834083179688983722981617502018401669112500939068134202417510432828805190524804830545188544e-247
1.76297001320273121054146153116439961599233258899182448112950820962653638207411136223174144871642075257572930287335251013719566677758325769065898133209991295727291086281023786332383116860152660917443552964328581239328619253563912763055402434326217173714122288969212788017716452712759137344873083645274841e-247
-6.73133998127697501859754508766013075681839548246029136441247132648168275425312688129498738562850079927138538830079867359061718965397581102762464607391620704560315756052741113598388313642308480652161401165809486880088515295418710145790880805382406856265165989802786435671636814962484443333899679476661923e-248
2.57014806122099755770254835080512309380356794685416328469846581678789336914817014834267691828851367343833536242180274926832048052509137055995988088450203985954468107853844208389852384686167704027357303198238878939657261256083368013081547818875056514206978595077307872571075179829875454669077560786807032e-248
-9.81329192262389862671904488474533070864327613095293321424663256715040196137511298316945662102547400565818255634059154289360937056089307071825233759982736182089277315938669155657882508363656092817602282063742509912272919121972563447208606156535660105147867911755588223498090626105889790731570491579322629e-249
3.74689394347291322929606551490560161737650897946391139401427858800194274308543078574878433824469798001036147798512172117631149694761441815604629932018425864819712868913781102728665205031000216191755207393635513550074260258191110346727392785791529788425702184886590957811795169263272633785635256989937041e-249
-1.43063157872012789911893346393095872601333389091470793260225532597407028954007072048589252514408242019014153085489425617628489627054882739735556324138877533370143563151672291724754869258449741318825945044355349104971650869238181565601101161847745225535141499921370640433770007102949149110162143003651388e-249
5.46241791433308424690314130191580950180823626005221544183161217605866430664595444011237176258911858420856611977803722018189335586285873886482029315220565761384212211904959332378076101877181183438019186119328696014858509674635920128892263624449409966185976335451417785718670352397628053645095504599882034e-250
-2.08564416657652480239632397330495031400546082821284785116155279424859204494309197664454953094479315883329957851499187359753747673532059690921333569717522625626304927808494225356555799433846487126091477076875221025220291953846175366359117462799821951319429164155464951078455407594606296008251547264179404e-250
7.96343031624177461876059950599665112350137694751154948790323898641599007013193261293240916824117573349628597172642382143695815985596882262037488394401267623146999785583996550988061518499162973609638652067295381901752572248940663681165579795886992306770931658509612831108834545026819649300626040663704384e-251
-3.040522233138735541984046406092001971462511545441460431305504774007440965045895937643556025789382260520516292225056992415192734461294993744435939736077409617803888781492839397324469641687023079594971227726447394541421571415502068981077972699305688911541030548841861622833194407295742499552775440475346e-251
1.1609854005905572597315602408138414536389514281699277625060989832163993952622863499711361460816307098269540714072103279679230873443343510062052933076737988688348233692470455649736891136201046017476009267471157868465171703684559664400325914513825477751988251818502822331332533718207331697580646835842476e-251
-4.43228129709924247685116282649225256169001887253562772923222218347725052595857402784236336506847429414698494124884480276922210568120565511222379160858892245437118988143818470816955089060313101936542417548403814736147490478373397295627266341493622346967812989261427277323030121373960641052081985653826523e-252
1.69288168540052413476257270640956616438914602445273032987632960032455237544012765514579355714791840168562117748305243880485542513769039710103023683112101305472556430748190637258280866995181360607597198364384370122227618633947472256470131217842051092229927752050489032337478656275858977944094834183183932e-252
-6.45833102752069151627876731830788033181513644507449494270656771652610355021734410935873847347161347102791154869594801910362406446794304406369225929072712581051719464232484667873669305274927396127343640275031736956383870263063120352420973110739354728724754083809067351700158398781622179470052219920962546e-253
2.47113414444246011727322274870803491202364289523672274502140079492566206308893865307880808114922025897109057443764263165743330534497514019951936879469509807176569924427127597105947057755779840783462199853698445975833211884398029960628113596268445604352440413798199629542754063566012654440844819642594599e-253
-9.38480123932500522726828029965573766003162024929347126866423805998935626588654906581729524223067514802835783168182600919839073222933696991010609614142305692638665988446004582090040198708746174329496857325846771025397100770638385193699074602625650753257622136639153725317317395491020324401560497256867828e-254
3.63174148193250139890961762328078839948720953245640350894616729868862714600234603057068782538089425553253779348364749814696411181236889098702635063697777118318805553239769928314894944040257942179962700801234360649157256723520340255704354027124082716501495279754041829732127816948286965432073411773992887e-254
-1.34008176342033326310887107194397818566904851581006830744993201666928723857619693648940477587658162707668604012172390949225929742264752092000326866540710712551549545604745537976778881157275805948875044489567761873148001296911274885789492394867888363925110752496772995056081607871740861067546035630618269e-254
5.56210131608770357666686439304794017825672063690119003315334183695542261135039345934087359248822137774240371285173423246486864349505646225960989070661844837731986510488110423818995638023190341852798371285943692583452177780841507370106311046779282598611884078381153202756441730098813005202899504090158133e-255
-1.69977196608597608845880773319074062262822117292410339658628325042311907766083018331435858749584170607334562263810529524790448187540419037863253908810099155448142263798930240763977283825230874129743853786292993538867629751282319291234581274852793598464199505885005570423498564555104551173672515038426786e-255
1.05026629476359462809149592992102371762361616176824033885996282938924521834714017555084200610871027029995202345487595184666783581219340284159945066787833747702940321718026329314749990920255135923894506060846239759868489656860558094351552732468490685262420766450976427457820534837509791994432848386254137e-255
-2.20938135535909840675955131113166023600544515182401939574848773073508689866291968837058817938229364450297674602876119485199311614844425399038717245606462917261435191503156266844085097796868916587260315687715801585932155284384940909641549813287828826588140434736167755619700923040172790906951669220690289e-257
3.65071045441300594251439374926389750742122229947172686966937444227678755519678049933732255984522094981024343452970427899768780007239767052695112628073655843121000787478690126010745842712412667678988010672823773906901465074374292350153075272641678204122590926349713837869386477918218860577485746698158436e-256
1.92450955600710488904658756459838375092103319057059670354271590037501568139306302988454406171098818377654951718787250311958286882654896409052866243296772162703055013984857002741205140405770187069515635036300150133250705536887247858708577630812703978617952320471015065473206032710894311008352662536841422e-256
2.3181358812662379297115347908146238672262599529419421191447253434702253972196221984384932979773964424441021520762047240494073350321433496362610015096809562624588058863334651777132783534977583443363642247177849526600982691662873860196890115913329671152494528474239276183576899910836873368621886554734616e-256
1.88741575894530004034169437264535195111185629637794749429047531832685996951114613452612285430043617514087906501150292180284524093560219494247562438399950364173860957327884665447093490412887184075875024058787439462398105709913606124384497610609600256434204194383686403397397517867953312179985655512321066e-256
1.74437850686417839522191076613004917240142850283476499310729773897520809032721672291606341487963195361832805130112411338862671306501230035880251389218538878610376978325906828419959862942529298326541881075191524337056615771751469799339130153292624288050040720711671706129003421336711390866236049416675379e-256
1.4966137441039554819608517950146524042089105980333684787956982656429889916194483445055473487002363967915290883679652543457164403373970690020843367742314604217871421671579542358535576791294213193790882607800390367140890938208130341331266782227414213171113998722888978489146720750310931173928698610334514e-256
1.26997265558481221859217523766080775128043995369727673248678022169282926699044332973956082180360362305641699861327096706839929800857172958416232608508991579990989803073848132219594038364559108538328117369334702233937642512830379430776915034012940871174404363989406574387929554536238795311705162774489347e-256
1.02231827401497405833317709853806297393548051743986518953990415357230322201009986268097034264802789406566413863561485224757663732373014198584653370613027435851530014207704562992617290654516968928439022548834462784294163488840744361506334212251902398134263636430786707472530499953252862271723706894184365e-256
7.62013531885993780247574849600519042807091882347050626701739258512281450987839203981446145272315096264219247530113367631079497745064458105404344210810997039257882171485691434119914170080418561465650936249488852817084604204144514573380114253765893611359764167978072245086240537891263013796765505873750136e-257
5.19406295864117565672959953013686684516383783767374944237234311558164486656468292712144994972642074913808593191600691396271202388284334567541687101361085318288027061960256921499766417389223403600070888811095835973000232187052931978273083442646583151796379371817367726833912319914915242122116883498392741e-257
2.56413586728114399427743805851325963992559772306275005919506832602156196632874866770248874324365242952271378980598107662940762117119277058328000831798913448397706748629783425939830077935210165656686516203181894072496422985196198711765872014809926555814626017363988752488418326213699072710034007148015898e-257
