29466677835416890
-11250913355340990
4295803281130196
-1640215798249712.2
626264213877162.4
-239119063480371.16
91300006056141.73
-34860002312345.02
13310182701077.184
-5082069758593.109
1940426635099.1868
-740890169765.144
282885337546.6912
-108010765245.1003
41240474002.674675
-15746362801.021238
6012247614.93538
-2295585452.9753275
876496263.8633064
-334662209.83871704
127780116.4838738
-48788771.748388164
18628440.12211185
-7112677.137533613
2715749.4525128347
-1036922.518232171
395915.870597741
-151167.87786458887
57718.6442755736
-22038.027814306486
8414.519710920624
-3212.816616893185
1226.7117991813593
-468.3808687741881
178.83633171812554
-68.28296301509887
26.071676792345997
-9.954640224818283
3.800862636515504
-1.4512384557471625
.5541092342853907
-.2115689743625221
.0807808874103283
-.030843604960664156
.011776656087154848
-.0044965341495741855
.0017168661252331841
-.0006555226762819354
.00025029891713123156
-9555977657060843e-20
36495824365760654e-21
-1392483914560566e-20
5327153205806831e-21
-20227437732694975e-22
7835313578091752e-22
-2850129391298445e-22
11675965146465406e-23
-14192697047124558e-24
-24494723879428526e-24
13966205022857003e-23
-31210392828842637e-23
8009184782956091e-22
-18118599217839537e-22
3855025313328347e-21
-6962130305558124e-21
10654105678981757e-21
-12776170317416354e-21
10851605624684173e-21
-5338793204003912e-21
15041882829034195e-22
-4862251206574214e-22
9008837638987272e-23
-17433654600660861e-22
21893496373595264e-22
4061494718668457e-23
14613204647609748e-22
-1243031695985844e-22
1438729122200423e-21
-10623723859124953e-22
47172580117105234e-23
-28051847194270757e-22
-6065031861691647e-22
-3960108903819891e-21
35626836458841835e-22
-3333527856043926e-21
15451847835024936e-21
-2200115263612662e-20
15955186804619305e-21
-7160730756647013e-21
22138621343205725e-22
-4847069882026045e-22
8190919332986407e-23
-9890659269894131e-24
-39880278680098913e-26
-2403731494231287e-24
-31217895039847843e-25
-3734095047926156e-24
-4205743557236796e-24
-4570739033787907e-24
-4851894261359568e-24
-5066787647431403e-24
-52289990445236745e-25
-5349108138201497e-24
-5435420255377188e-24
-54945012706308916e-25
-5531575700094826e-24
-5550825622063771e-24
-55556170185100395e-25
-5548672637675778e-24
-55322051011399975e-25
-5508019853585344e-24
-54775957285604915e-25
-54421480447097714e-25
-540267859443222e-23
-5360015266700491e-24
-5314843802041447e-24
-52677331854183995e-25
-5219156309389794e-24
-51695065155649145e-25
-5119111219989425e-24
-5068242996293659e-24
-5017128665643633e-24
-4965956846257613e-24
-4914884064836922e-24
-4864039953797472e-24
-48135315160874326e-25
-4763446711728014e-24
-4713857358704804e-24
-4664821754134935e-24
-4616386688714724e-24
-4568589238255344e-24
-4521458288071073e-24
-44750157524899026e-25
-4429277685943922e-24
-4384255168545653e-24
-4339955095820913e-24
-4296380817520734e-24
-4253532730896792e-24
-4211408717851722e-24
-4170004588160969e-24
-4129314398228223e-24
-4089330796295393e-24
-4050045212394826e-24
-4011448146313407e-24
-3973529295528411e-24
-3936277754700707e-24
-3899682131033866e-24
-3863730679582594e-24
-3828411368304863e-24
-3793712008599848e-24
-3759620296507615e-24
-3726123892940081e-24
-36932104371251162e-25
-36608676511236393e-25
-36290833294212732e-25
-35978453875006033e-25
-35671418696474333e-25
-35369610183397238e-25
-35072912183027605e-25
-3478121086714775e-24
-34494394176957932e-25
-3421235238252468e-24
-33934977987370996e-25
-3366216558536167e-24
-33393812277036916e-25
-3312981727062597e-24
-328700823330752e-23
-32614511252283818e-25
-3236301041389944e-24
-32115488189828068e-25
-31871855519366443e-25
-31632025280364795e-25
-31395912722907704e-25
-31163435139716644e-25
-309345120743168e-23
-30709064987102797e-25
-3048701748518956e-24
-30268295066540607e-25
-30052825297777197e-25
-2984053750626492e-24
-2963136300996455e-24
-29425234657730337e-25
-2922208745814725e-24
-29021857742526913e-25
-28824483772060816e-25
-2862990526510817e-24
-2843806359235229e-24
-28248901711748486e-25
-28062363938673174e-25
-2787839608903858e-24
-27696945453271893e-25
-2751796057080119e-24
-27341391429548667e-25
-2716718922740613e-24
-26995306450297574e-25
-2682569677676938e-24
-266583150649799e-23
-26493117331015392e-25
-26330060792258136e-25
-2616910358115704e-24
-26010205018446586e-25
-25853325365948754e-25
-25698425917645984e-25
-2554546888692416e-24
-25394417484635168e-25
-25245235767308583e-25
-25097888736898277e-25
-24952342162973262e-25
-248085627388428e-23
-2466651787338958e-24
-24526175868878897e-25
-24387505665086906e-25
-2425047703879385e-24
-2411506045199574e-24
-23981227043230746e-25
-23848948644926427e-25
-23718197831104626e-25
-2358894760079444e-24
-23461171855081175e-25
-23334844850668446e-25
-23209941581517346e-25
-2308643757501644e-24
-2296430887463452e-24
-22843532200382544e-25
-22724084619216156e-25
-2260594380524422e-24
-2248908794431903e-24
-22373495608268845e-25
-22259146019443232e-25
-22146018638716236e-25
-22034093586156822e-25
-21923351276736947e-25
-21813772554772626e-25
-2170533871994479e-24
-2159803148393119e-24
-2149183293571194e-24
-2138672549386461e-24
-2128269204534211e-24
-21179715724295445e-25
-2107778008554606e-24
-20976869026523293e-25
-208769667569067e-23
-20778057846330966e-25
-20680127081271205e-25
-205831596818834e-23
-2048714112853206e-24
-2039205717046383e-24
-20297893838817915e-25
-20204637442289286e-25
-2011227461483356e-24
-20020792263625298e-25
-19930177434616947e-25
-1984041750335841e-24
-19751500157649815e-25
-1966341319804832e-24
-1957614475254013e-24
-19489683133425834e-25
-1940401690887772e-24
-1931913481186681e-24
-19235025861593508e-25
-19151679222541296e-25
-19069084299886546e-25
-1898723066794117e-24
-1890610813954155e-24
-18825706677143977e-25
-1874601640800347e-24
-18667027721751966e-25
-18588731099094397e-25
-18511117241912928e-25
-18434176988699202e-25
-18357901396953702e-25
-18282281617418294e-25
-18207309024180496e-25
-1813297504553793e-24
-18059271402522808e-25
-17986189853030216e-25
-17913722345774818e-25
-17841860920544267e-25
-1777059783179824e-24
-17699925412058976e-25
-17629836156479034e-25
-17560322664294387e-25
-17491377669182073e-25
-174229940370918e-23
-17355164751067104e-25
-17287882909076957e-25
-1722114171967895e-24
-17154934515029724e-25
-1708925474871656e-24
-17024095950220891e-25
-16959451785633628e-25
-1689531600127664e-24
-16831682490923289e-25
-16768545170030985e-25
-16705898138371506e-25
-1664373551740067e-24
-16582051589036223e-25
-16520840674227183e-25
-16460097208848001e-25
-16399815717677707e-25
-1633999079054746e-24
-16280617160403105e-25
-16221689547180063e-25
-16163203765857947e-25
-16105128474320357e-25
-16047975923399321e-25
-15984217478261231e-25
-15995862997879307e-25
-15412554099734216e-25
-1828483156118138e-24
-7215976809138436e-25
-2989311602289227e-24
-3752414819840899e-24
16483299681777086e-24
-4238769818281328e-23
3504747446815906e-23
-4613854568151152e-24
2275696599478988e-24
-1549405193924415e-23
-10276681258573894e-24
-11867118154037376e-24
-36281596314542003e-25
-3224191942510085e-24
3043706585815348e-24
1778948717501283e-24
4946105317633551e-24
35380830036568778e-25
4412501685216452e-24
-4582135854341168e-24
-959000575999347e-24
-4384149961469963e-25
-1946245432394092e-24
-28265543779246866e-25
14724720744140399e-24
-22106888590122525e-24
19546733658320353e-24
-13777975727121902e-24
7433395913993696e-24
-3919339165714408e-24
13596254035824762e-25
-8971464879586194e-25
3901161316731405e-26
-34293238778196344e-26
-19621061221088143e-26
-24651127038081977e-26
-2286694947978285e-25
-23224518076910006e-26
-22858793091891372e-26
-22693924582421754e-26
-22420869284431322e-26
-22159784792731563e-26
-21863317037872088e-26
-21556583861687129e-26
-21230323141857577e-26
-20891478976457767e-26
-2053893301094678e-25
-2017504713638929e-25
-1980048189211686e-25
-19416339239533564e-26
-19023486822269953e-26
-18622664087891705e-26
-18214595348502172e-26
-17799897428401323e-26
-17379127759294122e-26
-16952801705841236e-26
-16521373223492286e-26
-16085260077028374e-26
-1564483991575022e-25
-15200456540166718e-26
-147524231762855e-24
-14301026118532234e-26
-13846527505308182e-26
-13389166598348767e-26
-12929164379740787e-26
-12466723139925584e-26
-12002029665253433e-26
-11535255953556978e-26
-11066561469291747e-26
-10596093056799982e-26
-10123987629132025e-26
-9650371864469709e-26
-9175363897481748e-26
-8699074056581213e-26
-8221604863925536e-26
-774305290024424e-25
-7263508262737861e-26
-6783056343169502e-26
-630177650513819e-25
-5819745293317302e-26
-5337033679581049e-26
-4853710510767384e-26
-43698403619577e-24
-3885485639829045e-26
-3400706170657297e-26
-2915559633998033e-26
-24301016711067436e-27
-19443865571441843e-27
-1458467287912546e-26
-9723957316437604e-27
-48622310604845564e-28
