-2.1250106604275767126345330501193658360187595614779517889732771283776846173253584088102997733730199713068889055677323371275653771369084133221881730409861e-110
8.1136770670871110279649954098203945332687654080207671534883260087288684375160168130013678512728417222000817515926640756494333762471080443301879832081157e-111
-3.0979494256150788717196167131723577216265875729012526515442604621414633723067792678242318955210648780349750971312720849922993720639984842536199111252218e-111
1.1828534170530299399714301138869092656274934586511056364098324406127095558685779862791257174109980842485764120601354692400953976585240133376774458315865e-111
-4.5163494105661166452724691630531192747214692321859529014166586005499198661682359568703826489948864202126190471846753858385559703496950114397117906715985e-112
1.7244243203979689315733627741283676831165909508598899608742934460435590929771770975811984251950683944888840686598913196127944115348977120379086980277068e-112
-6.5841655869740969056445996182150880787743703587100675331409095754317887365213804522767939161359154890480217798894084676713184365332007415061973863337429e-113
2.5139541332082531035866037477765704822395668644219037741497308453500503907295624223753377537113799428390172680165091140583105468973503114967410420203035e-113
-9.5987339631592144899515559190122529053685527769034229807315208776813863946696528486745177345134271163757183689650525294954709265221103804966278271962e-114
3.66497114956940684173897736408667373854743483571599639476545381703964456976085206280932035439825335345483984617082368853873865697090670297906004348947e-114
-1.3993526207451956039154413437427007525735416039030719340287870509551619393169499655533616076269844437844221966063323719974600745597877000661006319064639e-114
5.3429827337489179563905426736950782449494574674189167093019790838363750993775714035464296139663990207322001754756692079080772629425190134660043961519888e-115
-2.0400479528917389250677589387051931179235534160186313447232947048077293123764420575777465220105209188569534154599788824879894931560868187104902648376078e-115
7.789274001889405121205179037827029349644780533176588324444045680848359582357612916259114034592410708645303219022171051369909095188611420289239894735209e-116
-2.9740864371484850217117908424248664727473732959479163888698563638730385413510695552386172172634392261325190192057143623466194446501159014589342005066021e-116
1.1355602759363712500932609901210695470560889806678369629273992279684142584290253857769926084632334938274084946567016166672530520180434718576888972397558e-116
-4.3357755997117521930095971494319186127563884247191454856852025891398192703493920578493630809351274008794208921598128176099524872257404369785849595847627e-117
1.6554779555485187494666182340452889938550184934643017809923927091851008845154698004782307690649119623996824263548436110343045687511074658103038482464928e-117
-6.3209158375410912472996375014112464671471154774457870393115305592879794879801049175908937734610024585340173788417750454157654360203227212668451468622377e-118
2.4134405850361622553174758906670648977035524763130096961933617361933272919185227849487513964227013025546415335718575203079009063787900134059582584208637e-118
-9.214955037406024044438120453623858209787347152152608088731975900049530433930983262791178060019535620813833068326812626137280279026382246246806259457043e-119
3.518437299914893179786921569117127948689443754938238949034224888457240686014627830474411473916101292558036375034569504712662211685101721313609941937365e-119
-1.3434034120864384525526477346140260406179391380617144734146133101225460201368511954845294003647016785129450493942539478021891179170109081133553084677174e-119
5.1293576737956190880757867367493140508836236216587293049015597216064745081073215691415349016241314403757538542406246682269906210451604544495901112680308e-120
-1.958482838757093340018964468603547113941288740794251017160479740280117467011058418587891661673997251344472269587501477553864811291976800360879555299129e-120
7.4778353030965024960526060654249287085805598722212967917670662704958128917708717937275540639578507277932948422245392390964208522429801366564302278479786e-121
-2.8551818391192998114295373345797703323188434386366716871029200634409917077987162300377007679645400646305594963892455329523462133060331620442489874067619e-121
1.0901519287052986283698564940583506645657237986147580216444747433041524222829211411579381791160476350946201399872101801929700647621863840852610034813632e-121
-4.1624822524064332418807077228933214685459789075003861861494059998432517340505163683642181433500312923044390823656258408475640214149964352104068674861755e-122
1.5892278278111266196728269240740817533504116203322065472575572103829803252782998934661017633513219915621545458131578353470448155265870808331962543913808e-122
-6.0687898242002654126670798975334693614166136292080922599457658975256307908486156265018667591339150054906504084049367313674674352936576648484916481892826e-123
2.3163542264212360674140622512161721139214022548253480435515410129998656436820051467825969986917888327349744805845323062615408603864101539904537992480655e-123
-8.8523712795358867554823326550381970131638238208482162418687888138963007052339943328173004197849842468291287200532766905039232002124581813095362478585013e-124
3.3720196739799289195427355786927014902382489513853620448666834041812896220468371978042958655319895554365358210740925097893728627197758113627594910508753e-124
-1.2953005310300986189670336113387490520777831977320238876496552010608279123167624449133980104391055140597022937004305944698709416783647061110806364212089e-124
4.8697381664458693652817698096289161040041419162265053897363615354749128142006063725281184147819923085471294580453156562913898273961495148085675685600911e-125
-1.9331068704019605237199559334629289077288048956826438530962247038622835660310607112259185248412822740028617221140976132964718396482499541860323687307022e-125
6.6693418052932216611661878107743270817073045220343039554152535981580330808233485943135132440312250681448104612103750182462985833639852537398661728672875e-126
-3.2266220897193980141458332599133144756006307443375945461548750369179885955609121730105879904179469149733341046869567705623019975916259693308228248376308e-126
5.8671753569820530153737803495111109483752712226171122144802690162470750905415125602514875348564480144594353895856990947103722187839560531357301928641249e-127
-8.325822143918210369433357014140111697803480067997820948792562994431884933761470991656346669430470307215629777692400285634927224867032852512992920622047e-127
-2.5117488268390038019389201902418308412322045249379709854968670792803558715964687527156733627944094255807027678676254606143110277291901927401805885153815e-127
-4.3168190591226891840480512567588531258559970045234561505523013741439264183855694679431985715949344301047954487538071868999292993775997194270690669555917e-127
-3.1736730123556783239723335397149755608285467362626569127837782819637757470144918955634720518531589884337663801840993463317711993422382569417357262641693e-127
-3.1107185956416254767200382756704034849843400169835122620434923760406686259367003756921525762261653223738420291119849514648713738557062057974262963825539e-127
-2.5850429395237468001758143678895469602958485449906304816144373514135519769073774784928041072320040722698839270930774009464161177119742533614621242899488e-127
-2.2039906902309960567310397040995181660671227935258670128199687300788993574505408287760030978081928656566529884140582510930310803900103315544572273125519e-127
-1.699436175664777148551200405222274327677190102579420463777495590792189989875653293868784039454937690664208841882730466678486023211676744669826241445844e-127
-1.163660977570567753658127675066931808680302409652530622014768064387928094019641925053308006033989774955031771109992172349685124695899556967051553206214e-127
-5.6518908824659056557059114110208391788668233744959088651488834105491925182885525147402300774140164206526273740187092171387795162649516566588350633218921e-128
