30014825676903604
-11460206167545016
4375715082153551.5
-1670727576822264.2
637914165695773.6
-243567226902022.8
92998395726226.86
-35508478368195.73
13557782649674.72
-5176607920784.897
1976523024299.6865
-754672427459.8809
288147654121.04535
-110020013391.67183
42007641476.82015
-16039281291.149504
6124089220.257086
-2338288611.3708887
892801106.1597944
-340887695.0791938
130157119.93932895
-49696354.88592508
18974971.865535565
-7244989.257749361
2766268.6256867247
-1056211.65707975
403280.8145220277
-153979.94736225574
58792.34353904919
-22447.98571414217
8571.049091656874
-3272.5823796120385
1249.5314549098052
-477.0938273235669
182.16309866004107
-69.5531821286513
26.556670579101134
-10.13981859191878
3.871568228959856
-1.4782339632819075
.5644178334328623
-.21550370878459552
.08228457181992538
-.031416349935975654
.011996790350889611
-.004579071640043926
.001749961669094859
-.0006665066364357729
.00025622083176274867
-9601271924517853e-20
3856221491739531e-20
-12729540480139329e-21
6952427418070728e-21
-45800624794839484e-23
24846979330347962e-22
1480670710691731e-21
19993099608373033e-22
19506173422906975e-22
2039443435864971e-21
24923185604208697e-22
184267419348072e-20
29008975957669353e-22
38908132693298014e-22
-2368131371463175e-21
14815372357653012e-21
-17425530266343588e-21
27412440655210334e-21
1972156099916758e-20
-.00011296368713986735
.00023317022893960641
-.0002600196730071823
.00011453446781553404
.00014597053443655885
-.0002448827479141378
.00028317701487810994
-.00024164622436179204
.00037665042043954176
-.0003137688110068596
.0002596656634074601
-.0002842259198435129
.0002388596990154238
-62647188713979216e-22
-37293291931347894e-21
.00020208284615410958
-.0005766182395503631
.0002480762762015441
9513527279588797e-20
-.00014834011231859828
2821270134203014e-20
-7101830927922631e-21
-1571503024257615e-20
-682248626495633e-20
-8822926189120534e-21
-7776792711839016e-21
-7385125148254117e-21
-6970942680977789e-21
-6609932227415356e-21
-6286967208453398e-21
-59967394112859715e-22
-5734494274178305e-21
-5496362207608324e-21
-5279148084600532e-21
-5080192732026707e-21
-4897266306220366e-21
-4728485048718922e-21
-4572258895480137e-21
-4427112277874921e-21
-4292629196572806e-21
-41642519433759614e-22
-4049352471442551e-21
-3958221510672738e-21
-3741843981731538e-21
-3814642579012123e-21
-40806250019842505e-22
-2442143834065387e-21
-33188571525654895e-22
-59344418966642e-19
-22237092911501014e-22
-29928438400753446e-22
-21539911129716052e-22
-18210743255829553e-22
-33245109565243486e-22
-16060623236552676e-22
-29425267687160223e-22
-537445307167983e-21
-2511137551525905e-21
-9061438841660371e-22
-27285662782148765e-22
-7845946253981669e-22
-16490090613673763e-22
-2577917455476742e-21
-7191927858924384e-22
-2143422926061383e-21
-14448111266066044e-22
-14314771308466395e-22
-1559805210446432e-21
-13967506925726368e-22
-14323129485728676e-22
-13683917226637102e-22
-13397472514759153e-22
-130994929305921e-20
-1274289070532595e-21
-12441080434765807e-22
-1212661619235094e-21
-11822497632658045e-22
-11524372761869718e-22
-11231778994438835e-22
-10944919476359345e-22
-10663429235581272e-22
-10387170459678213e-22
-10115924353763447e-22
-9849509153420088e-22
-9587735697999186e-22
-9330428170444514e-22
-9077411548203199e-22
-8828518474114123e-22
-8583587241561309e-22
-8342460939372333e-22
-8104988527711174e-22
-7871024252825883e-22
-7640427242294225e-22
-741306167843965e-21
-7188796402554133e-22
-6967504775088132e-22
-6749064497342701e-22
-6533357398289322e-22
-6320269256760748e-22
-6109689606836714e-22
-5901511566127997e-22
-5695631653027632e-22
-5491949620801961e-22
-5290368291161265e-22
-5090793396668805e-22
-4893133427777245e-22
-469729948587589e-21
-45032051422446567e-23
-43107663019823633e-23
-41199010735685354e-23
-3930529643447235e-22
-3742574155134182e-22
-3555958593462992e-22
-33706086726694937e-23
-31864517289386177e-23
-30034166167199755e-23
-2821433608647325e-22
-26404342989621785e-23
-24603515099254694e-23
-22811192017246906e-23
-21026723843759615e-23
-19249470326835466e-23
-1747880003450178e-22
-15714089544784787e-23
-13954722661831467e-23
-12200089640531514e-23
-10449586435078498e-23
-8702613954079605e-23
-6958577333099347e-23
-52168852149661604e-24
-34769490359336935e-24
-17381823248525247e-24
