-2.33263759550631770092090452835759344964292877195881603535323376104419355521072431024992862754183293957069793854191373570340117310434574084559580821240866070571790908318693210601870306901692609841041764797546644449477218566837782288298971177516928628026283974709430024980507385162340136367402274552116053e-01
8.90643445556957667624345365372899317136390985657002486225780154843002271400429319182296766550830674728828252055872644070817486553144363493534886077752543983662878691824704193667128076798312603986641923710028648516692333027484391975502018774992496155147639717951746813325437102231285544282343293277135409e-02
-3.40063861030838382183840957687834284724803830887219131104388760992929885561802040246147746493747953516459923063465175125628396766740455035874953317260581729235173308317941198678951359660776634441561239006858481873402922722700828844701950698939390066228459542472457309649329364459264292233354814541375241e-02
1.29842565120865564106557456571718545076743280884210940967130186435075490337977625129436014498636551568715748789781175910444713845977113600740456284605191072615177709728323606825303653466255713633862580200213103832511452865406895879482362534332134645668734750996689201863939592785687430499532661105931855e-02
-4.95762521370577608406855743273834444838474345194259956419949841497198142979761858278287379129576935487838973001623954221128035269272728985376625389030327041355803145997618958404662917054034127854749856033013543594501349120984926816688176347484102788342614113177948479969844725009248061973558774247890623e-03
1.89291144523311450482617647431827697120144749983262892451248913615817631839756492524949132673455033214258831113247692475079547293110758767517023768675434091014745344568471015115718521301494894033816130225065661179567603613560783122844443379137230950137280398461833313043890797379975752173715568126564008e-03
-7.22748006361734629115449199285160298095098136299731043904646466405030449688819867390282369877673553477095915809115967929173174470005587788237527912750409525416214929097002645276115426262216831480686228942303198053411362006447956406901001672837365590856785446559159270641927207148051345652911770302072584e-04
2.75958329701753222025898785181606659272673833859897307672363374257901702070567861532877113270829793660210594921964139960580510235951658090926730816228104757495598887217550779895172639743877642556496050334985184137782512397066580752446215930357769604021962195444505549681722421457562720133900516970579829e-04
-1.05365907704305775682615899796613451722293645655597153837701112834154556861616485534544360405403033646331738525662789606051396291769639133152062953733555664970559869723493308736126550027780267220093365127492230690323947247666521248842707459496390971887674137755404574538746646005794579316217008577889106e-04
4.02306193052803870788169799223433179303303010685007314631102678560012057846455506372900681627377715308629657838667779881130249717238499306323225329863923429761007288504527013640005987118665181528047608406256003000241417788007441344873816401720679886403469918160505797690640448404314004527424834170434442e-05
-1.53607819165616023391846650612583577552170240443366429165328163608938699471291282247104977302320969701741102996104812211490595621988666346229597212646186288491620520618369839791708655382695546569661887190124204039255868924504962447377275956500448602688443284677594700832661083172229329800373207544058476e-05
5.86502582268715725677959938702591841562831827147399091671894551410810954044125812337886320445530599571661402777182639419752756871118735415728504375581625849194198963325448742512947676243724505034160137111326584702309373565046200703312286077679951650115512466060629513791951111574754765761073442147773494e-06
-2.23937349593509640713402885686444157687626697638097831060819240734554991800360464559189243401681195946506394077509092237410488394717791077282607154610793241831126081676784453309148106413554001915753328497250116132683995353869965114979094181471566082847015717653829430995788328673057551948065926231313175e-06
8.55033516629764082723901927166423147534574663709100706283647450804231249598319611215595527240821894563977898859746439587994312730867899305087660036759440842064868295702750971808803273000726693339424548704120738220437167200449652862237963253836935090521995548458987363724546239616738079304876604539150128e-07
-3.26467342713182649767308008554452474513201235234383635694077775255099159391550926302103460400521470125094977694642826485534152009158492642091263773540232949846651279968952433480670198660489444633706049373799295877512740534530530942340383513555349699694687771331134950578462413454897177263352466903049538e-07
1.24651167217760648092972148720790944814131380725854861955030962759271629484994993354581836466259565399631635850068232571172261649655579327153804549181224107376140174879913280524067410683193984145361925871884765637413762073672821122217000192230933937684678198067978162859415850490884908026951210831427554e-07
-4.75940820285995201809530022388474516563047090044154565450021523649727122403572294666282983333116338441058902034586417418612038403094067469291103471316828522147960578646566886437526328248046376072995596865207710806733301739861392499540509001403713004544895169602450834327140278422940255693724296030238278e-08
1.81722858654652713418184190366508451778617979834992266899711670221254040784270512748923511816673401077123105273433855605689254754913329506927113315711393270003461040570606243896516538971243435089413990658162834921801192431130714148925593212089580902559882053943178434664219600465262614597082604677235497e-08
-6.93850914863219451233066908672123179518359559368698476014076090127910980489596491452271315309104848691769296119229651233061853045457407111273439164940824305842412632386547749212890778384695446183123509808323457248681316794228094740275756592128020016185901750972154128863645495603718574826641679761543117e-09
2.64924894765956517743534637856628850361555468119262541275426783047365116852364006357231499491346050234030521430275402198353872698272989131057887077658548800728469238544462902102259952436245551673568472479951932548533995326960031918972384816494359900635261573416324599723500376734159097788872263914353609e-09
-1.01153141637910670411167770817985561047139360545902362133654844012161307603741283384093400995709368989862571440293971188729544037574090501846649526294357486155426261120171545570285008659771127091261442125749562817303088030153275568332148142865863187159115038031248110944104191470655460715052456553337975e-09
3.86221086253840741569913306759581233089077558219474908936188350670818885941364582385701424417228869710143509421444327306140385106409355097774943103757226712094358717743693842782997327100338485760971738318176004133429109765684004220323622951716448764805113325395472623657198697757527946668934805905635322e-10
-1.47466232933284646781239626217294652634011430721669049116117206463913819603545647134299802538738920252848736402922898552687849860871208464442608300917790048887632206134703917053797869602068389341033144581812407412791812614035436643784876476916455649678621593663931348460042000309725075335067308453810121e-10
5.63052889381632287710187663738761400966225447080618220044715947714734848208108158943490061609940429214655738375511111815070106536795820485934341998845373808339577481811635464550188835180825412455359112589831429143922914653236143108421249306725477513355987379864631117533895528491740093564343974354100209e-11
-2.14983830491168691671162562518436171278013311468524011587733106286695820582262009082854601203315559515677645533628156881088770062399837429066754131755668686537508001426847836824727720405691805586434731326054944208633649535366229012754461829447442265607842090901113326401274533304971319847933009272032736e-11
8.20847352784462277289893420524938108516049750405109783648796760849383149400068835961834600453266904011532078234090284937080082517767811996586450523134825529746796668577110655721088288223967350339034659334125772636214400427057153721612880585537435007661592690528170098914823653486263185916035128064884771e-12
-3.13414443790431051328868396927703641433397997785851234881742157620947587529685298173512901805985560598168467333855435248008569983017321786991421127975371296454277558576000371797762906706266278563671007215997838441809308880566383111480124432663648635559712009293824136624868517822519917491574828617803854e-12
1.19667333083619128689204297008759572183653678448362406914076240882725338853542581696467016754459508643247994792450997021329184395884614758480928378982569677479476601436948906416358258764831993854268747766158549472212482559132214395385627571877149087516841048017001056952814851932758947922863281242931449e-12
-4.56911635410182127722416406760718366519211792721782909746978860136518870442067627669405104930410780199222954425210644633321332010952444474012130873207027460241993267260844287542579447950957489922569232380252603116016565679913072407283291298081973901339726910719153254143914022305401936315124237731815803e-13
1.74457169883887721494013537126819739943193149346418844437617441664619570021510314166934523238944431514363699838509534677619462677989515107204595888106635531464827756282614011490924366951837155217250622937159278755866994883387390933464702595243518403808064645138224247631657528373951645750288556406351831e-13
-6.66109194102116754795324414484220825224396840182064537342177217495125304080333200314131463111550972815010731099382346558988606234830280047026656472265980178683833530005889672361263916805321837883288942979225633705955245575474595681217995180638977117258113671983098536343749844098678143625681320994504757e-14
2.54332601384444579103669321893975224141886210493418210539830979930626854010310562717453538698623833807002582694048295941040239439469177884255632375592911250870987286054186492600366677287827414146794269315930044872922100224572330917796874833597288251868705952541738794784379443620704187104608132628911692e-14
-9.71088114376970211123101047231541763996530347704787680526748823954065786419301550997306770847327749551485395932071900036987146603127984708851041473768579069138533086445240992271327109151754164094746934276741924333446359499498697475245345980809513949867809162374292821733018648916003082324018664203493014e-15
3.7077909821666135333791130894295230750925407268035824153304207926919005193863833729178808936750746797102703979729761723811488582069756322706811534395513412240565488684445316375058092241457804425232816207259682435698704058758641359974751449123644217969894703162064425773154395658534963101337949917172068e-15
-1.41570201137270698547202499778218147542062393342936704887557535520358698755351631295871982634089929401640003179101505692895528137557394879731474172689075665095142865511846145309345700581834165967207293222190907376574548556745447037704212484352353709575897396943520378416799655540838811206005642127193433e-15
5.40540767978669939907500453698650945520344600699609092377582822201586692142646834454513710183622318347990210778055365969070483816853080587283111179834518990523157259605013848450533226627954335350231519615800607572352484753202358360562549075127180086720469235560003680789881522497760969066283095294570157e-16
-2.0638829322821943160104562777584811520579544841032569067481603829002530623190919474481292194201406593388807920149203015861814864695631901251710342162199736503409386194117240445158385825450954112027687275730414215471539866050413640844265840816205819269250210157748647704958002282820720870814917126456847e-16
7.88028028689565102476719669689590694608562860451431534050253058055034509263756447418315146838563234426915390633874508832805110260407276948506876738611726829000098945274443852498308753225094788091636756040306066605096745365649825079595545452885439805300596147275491939859477083342171887747881324807956137e-17
-3.00883429136015766400202055699632568732763156004675298462382557286651672956529735565712519871367260338016169570244172105587212380953943339211941672409017619309852626185639444328432171531939250886812498805793737534160401689247727955002846803619764566765039424945843930517604978836347859160560454227198794e-17
1.14882763851933292625531693994328338489062333238788885404827411463958658442527545192743042812360542597634943161659447002858815463302130445715261494274606709507147542729268584844788171870216732255231867267634457485321902976863636503550763983725845764667517158858427862499007737012781811030506943630287636e-17
-4.38643280161927117297484649794514323088732483292141186918441160056173498502545359489975432506664333122865697697938326588289826885930713717343997688371206893840636127295088238459815420301311777683682378669944358818214843751572094895170776347913326657972159545906560949691819040103060189675675772136719823e-18
1.67481979698190353877221411734453969070889037387488941500918144162322213171696573128097168767598930818167903313671649738942850266499066722829083144611012614404007541997353662154854910622602669462931038458587514128998595125030804361822278304923894780624026632667785760698416919917126308667757846533348299e-18
-6.39476649756726805713027208302626957854678661321329873172144996534705333058577521526868680851029176523667993108259928708856376327380982037919555787802917538152974083629222305218161468455492220095118895689787052040563244042973685550101741643427122600593125006235939515428170660840390322764733002599018786e-19
2.4416381172529568945406493371771575164982498555344767625891774046252665186325843153234190014033886652024855424267435670422012215584418263414232956346968022468420532172833664018844749822791981988756390544896450788922943452092064824269421967033674662645875304982138193761892485104098870111112108097183268e-19
-9.32261826587492632460975192000594449317225507377607293502869406252510623515707411701292756198252514298932494782686520358000135699294428028320672599408682479893974652541448459565842062202664209701110459651405969086907703142759778104475034612496887444880719303349840592598476050928215697593165539647669634e-20
3.55954515606133550576008684878305999807813874829840881809909485559839739412901447146118298561948418205006156918456346756843345615206639138448579722926364188305184268566829023292317381098786804507047876664939832762463096042281345747148021365438842480303635348738879066835626680128372421595508028427741849e-20
-1.35909905958705537492657796560625113742413358561984478231456373365226701473830256003010205163180776969691446349045269536518193025399965991294908683218935884566301447435774421524650620981825826768942449650853675971148314237884413473052741547515326506935771309816378039846300961483751457033222512601327942e-20
5.18928731842330234062873522464789735525365154522701152032747477858177127188585391984158765488516523836362924582403965644376056384418065922894797396124153654043793072618949693945601631820256953759162379011385722246316594473128706406500522720561414494488341322268945488242646995964228522236863375975478588e-21
-1.98136424885253362096729072370338666325576912714079194261629128755912659968920225712372979968218678365255847490495875211292547416603983193322351157777117750257003500794172207495720847309655026060590543408720222828400179210757839053954209006786576807582151706151779338305649572034055700577136153839927488e-21
7.56520895016421928005576159210057774481842649292455902276911017414253600266932441752851508635033640864241446094748783486436212442724739635435576715211843412118021705142500779626943434612280978644238718531270683164919185693477551104010713580521146262441536294744928521709498456180967338738716003557840147e-22
-2.88853432642633827056368988696665498089743100086612522571391468446920758169481481578916587101308921753734667545883573009810989652987789884388597732249841394650331716002605135226872046301030485773768798297406535535745992059902616512448496917789047914626306035063021058998154439709837497125768911270971825e-22
1.10289492463551097602540650160195573032485995642781329958970219318518068299485336920071913331599202252956475051816255844278267006089051185219020571163677243018836583063334111791335550780485637405498248678897152243200761627919914477892248051919958945994465050392404768084598776870488130403033669885064392e-22
-4.21105334860831463552378454637135981272235327254048710544014144065212233635443822629726691774064178967644879728273832576735242978331042156838114622216428411582486665916497633538091521459450782227396719891036496653188470208229457217069185807387014868329227220636585808518278982748886087727051646646754763e-23
1.60785673310499286028743908590523326895544930379574432657529860117884244613123788261968255351284552046979944894036752803879431768223514666177191323726367785616508950125102597863636682628441917141804190092979537160657341513436620692288806919995520815259394511803461908072229190594673887553649660231952475e-23
-6.13908934458269999763024000596205996974259097118430501408330373154658573892202105025536202003033476914616066079910758547165624733879826392166049762805561900298813610132317557370368357596254216988661490189816448241582639785951203896673364636638341560693387084842103292090867740102958992737720303726212445e-24
2.34401593156793996144284884715069748804535138292983048213682412484326520968256106499246453102820292179949831178823999135295910645586547216208710104878104122914642110557231385161716168086801168554573760049991028039132460464630694803640175961195393762670531634277287398122098729885619251254379960766316761e-24
-8.94987901144122432119469175184535262781381230750580224952395322031115800606988763901319543887841518851285182997641335994738989478790079898882617512991817435756187445215409304187144333245791847591752016194314692389064079136520384989209308349499894100595900091969723830202931399452436475357684726347425759e-25
3.41722653164119215809168608424713092734100864500049223218156119666405854607774633402313000208317123150441639054483773734480695175575612350212399362173251673772968294727438120630034936256826493657286779570724387813551828055405676496999652869001632849615307732323305332607982440498198864234649875585546976e-25
-1.30475922117208478698347618581746624159219285575974413726504339727754330290258853163317035184151929915293233374546552601208490188851227663437232799247124743308125050248718777155324636143986453098340105417271369328670838919737642339717631053636648088389416920273148857964823369905587817492912395864614212e-25
4.98180793538414657219767127911603266043009050292384979732413183851358451117097484210922569991011838536774595218405273972297738333229925188522575764254528217324816286155015250955937537008436449635159287292432509512829522410361734156966278517566635088303895170662357964430434750109917330686015575550206409e-26
-1.90214484805530106456967853439344944645962441481300312737159280766417877076027864979094035845880316366898048411252636164059598579486795056313261965679740761012451796818897517381361611346530484180281302284934658705955008791000570281105143104061812227080796262288156840053693340818307876582760495053423247e-26
7.26273487438081557498004738379807842971691507242270410009150121132781817774089111351936587845443549360000195371564570977089721171540733406096434297091006609601104180514519245681354901083818450459059177504803144784255306590231210983533615584693911649665351022415386079172947104678719713777330539651199963e-27
-2.77304422473175713168922697835480409592222134192805739374480193896150189794154986181880954284494602367811555953909234365515904499655759570320261647081055811049298422684042790416926294682927798737381565746309884592571750706659573897675846096655434825266550425919721567632654048722422579822769017733941911e-27
1.05879870390513266608909608544672762782976819261854865031497801708591377566855729465583223649960577146399328473043775285275503565850442851239476277019569547629597195746219042702998566814685749412121777468336819512375530236928388416136378193618601787893131651355988226910813913667116887876956552325365095e-27
-4.04268595818190764990259629574510153478624160769682538715556331845439218048051595384260707144551864469280626698997735824168763016706527906884017207364000698764014985214904299157845423865465566040077358706046196970075409941771597516829042822384364511741899719766111464326768611651240732822411917721291713e-28
1.54357099649715118721501209882495049189202665587269253743998817963328489464335168886618266559849434309051027847378646879031033567460221100828566737641157310553521395225110563911355708148361795329017810007995173926843977950972180393369683677316851886647515662556005198910244549681951356486167175839869707e-28
-5.89363456414738250432669448434360287636065222826769707880799473008266942346255696044732956755306314698303911240809575021693251992544404285945978135737961170607746193621938340731119362042746375988600308707429809521288499716651717812649736485882800373458953831402834195362401540575633970622290844518798516e-29
2.25029644137898835295492064182402544425377727086254482053389284415584858486108726776624991788762004885350194237244066118420003397085574351347853422535510133352509042990059267466056047617722820005751110923093927213540072666508182458334631312625660961959618442972976003509451453914641811000657576087636906e-29
-8.59203068596837089908591181943905513062371166372632226794146039105612057446069022092988078314444469661675247239610656105071436482292646003460781136472073813252281067509877543302578521580164431433907126536047993362915112483846216543276233291968817796819796557931192357097846335481675064488081101494779179e-30
3.28056663172212819013198004598118718754169450044419073897717690856147063700395320080187827255854096980310140751055787902030562791265415742538546782441138727622865428320207386978985108422526775545037183473840597220024518715485939648710742786957954212540900329182914344987662484862146270136964384652573277e-30
-1.25250952662807611995949323629323473259664603197892890201082978325039662964250730442125151667021465158716034424225765876493852017264126084189843708252262802337030038196848347505185876077883203618376663930591157537125219808811692865804840855214721582416555336821185725251806033135676896316319975981363478e-30
4.78046371994678590629581475224312018674734198117685948788655146413313515885815947900701352099814755154156744824788151477001133586676473189589794627110165215772297461491772286660960420072261841120749112487761763248696447566732518213506651046248590828069992614992356390739588152162849052637574769318876676e-31
-1.82043482318725607418973770743531896603898323584620447341099857843954451483531615470724183769129668730505620792908160664012357162959078921056536038822066956291911083133842099226309750722734199627715871259710590395042546901026514229298756458687285362489861843177064832961962942607444388822979500103609651e-31
6.82416883661031888632004203575767723461416369855993070418661579345840087336303790257512045676931577797268413377473889015591120574838250505842907279617142697095864818577825086226669050417190675891735400016724862919471600804253436596163608948375398183489056374160885068414235577204700312479016790974016479e-32
-2.27406664924550441826302612559149371205405628154550489421106210381809154141273004230356831077197717533352389460851554300330176565851170594006370156029963469120910799347893550398024733331426265223965091983273680908355664515098017641412671811203896599338408351936030189730021534260051542882112355085519979e-32
