1.3088873463056197230420277537756e-10
-4.9975698677123662153073161058769e-11
1.9081630403992671003599460058627e-11
-7.2857134269790198356582514540751e-12
2.7818178539374439298360398642966e-12
-1.0621486351397513018977897990339e-12
4.055476606897231793385309871083e-13
-1.5484547044516691504411713300683e-13
5.9122815988154334555770983673743e-14
-2.257416610456721558816558786723e-14
8.6192270581053793270514914548889e-15
-3.2909776039983660727178282261045e-15
1.2565550851485899860489147190595e-15
-4.7977557792805376102590524676695e-16
1.8318703874633225573748098174482e-16
-6.9944141807691086468960868798544e-17
2.6705944375277318764986353617935e-17
-1.0196813347901059954876325230872e-17
3.893324078252658087163522952518e-18
-1.4865297302133018430838611493081e-18
5.6755215111361751592526569917696e-19
-2.1661811027388886049424304277006e-19
8.2489727854957366629288191160489e-20
-3.0922492966865300215521783612351e-20
1.0304523766760497496710606188362e-20
