3.3333333346422206796389530563806e-01
1.9999999995002430132287633784677e-01
1.4285714287622448754684981386052e-01
1.1111111110382539768413209127642e-01
9.0909090911872726944846534839644e-02
7.6923076922014774441783325620997e-02
6.6666666667072214327356389846741e-02
5.8823529411609860411907774260684e-02
5.2631578947427543868619733282007e-02
4.7619047619025044881514480402858e-02
4.3478260869573836618362453205345e-02
3.9999999999996709022396001633896e-02
3.7037037037038293592122185627082e-02
3.4482758620689175396835865049007e-02
3.2258064516129215445103262460474e-02
3.0303030303030233086161222611131e-02
2.8571428571428598134515803848387e-02
2.7027027027027016830213679125711e-02
2.564102564102564491896510389336e-02
2.4390243902439022903714172226492e-02
2.3255813953488372660575406927498e-02
2.2222222222222222005604111948842e-02
2.1276595744680851146319515087859e-02
2.0408163265306122418057098870288e-02
1.9607843137254901971088837492003e-02
