2.48471902734735934256689422760027653383678651988098268307698580754640992102962000984160523888571237384257868218308454145005200519263777539188992299823109241672282685628624297729335711392653133037255913378911151998007058628494504724819919207853410851000930769019713338933354661267838424314484983821281971e-01
1.59640571300945799508511585505047747085266011942309129779979028854402863333109350281014196927362032577855376188355813129731670811831441193877753124692228225541449747011120323045375915992734558229751601407084052396515449808642274646442963101508343232542783795948043105675728164712583615557808413972312938e-01
1.17801822213165350532611867447620263958244777402940297452944186633317113882864644965456063994961971764040005117423778249135291777819839880320295567682945029150422936249908082061803720640542474975311170615476704735014394540401984803981552226036355333731003157989332038463842834340986369777421880269599886e-01
9.3355754628439352866008279751909629530054196709624475759900857565795359175601568531440361740474042726871546550304137185415464770819725181464988597346597101140201815760367299692788462779367021379339790299868874512977553695382932007356534655303747926004925356042481596291957786224985852854359593405939555e-02
7.73142994799078996515421728532437370410516365436434523659617389150677981912261269996296454511865320140315795695814269865417567357483055791073753165125211119788278045729470838299412055803796501041474544364510736327011693869067996537777109224466693188580288654288686091083523551332545131520469877721495772e-02
6.5897053051122948808900454185662428807895101461266203246413371178602160228268238588227413238287608052403366133032580622104532727300406954349200181051668494374590092539376693168262746296787519020083505556639074067249484088520035398717411985138570746418903854698812612531055707629605253998973114558659041e-02
5.82278438474932838386571447213528315481144216172179963514343143746967743358409602585071558287938336281726590178430394587969816839251860444508962559744047661283683125723770933450853664613284729404578673349311626820825499826940089231860650548023834998017051635270874778702153457913885621967834713670795625e-02
4.66012378155311772408364225233509513713800339871861708334646066317489102134311009415381973161366747438837505564246243607322968589966330264180459851943287210987140925337700899399441909591329005480192540504439347683108870114970321613247771689895883569019722692998645790748713843925493064915186984147479775e-02
6.09132725150307965296722488372358362340170933531615320387026411790380455905919165687415471215163123259209074769327207188787337548015983804344905954547478832467702701860031595771964184948317823463982693804503870683473593319023902022171721466204417009473592998844445209473729473198925834471217053121951341e-02
1.87356769252327675368848612771117263170078980870816491080377310136840144890176481176008843434020735353154508388769245204797167201596300523096140102909749144460127350830062795291611198511704352656577701986652074793313941707949652043329745062648362919160443340626892552644474105367823052877892996187851861e-02
