5.7026929417203244376572270301048138063488350497325925965242041627020679548198e-57
-2.1773916627217611283951218289325630076597463832530330741549028955339521685192e-57
8.3136802432444929586261177711045470192173461557725591528717540655325834128941e-58
-3.1743105041537159346107194967309129022837845979015837202752831244817961792972e-58
1.2120135161552861610786096123970044010977975542831893430737705771688015901652e-58
-4.6276632590490448864864806457624464859394700207674945068341522639380862794009e-59
1.7669209347601865110875826666321374015164085100963210678455820214196135954886e-59
-6.746771096945327516107100129158077389222527052737218914666514893747653109139e-60
2.5752494468315900148521485525471379684186292960548539525641378483205862966215e-60
-9.8437541322558265672881317348746229813171319100795016880051981555366295794599e-61
3.7440358726727119602094971684658673257727569131242169674453742250928165412358e-61
-1.4476631290873242121922016424014672203715584944828099178012210515482285390903e-61
5.3169090425590246895598437420390250850607250838676653645950562613428642015611e-62
-2.2722107167887609100050532002695891498117638488669605700235160490262317474915e-62
6.0897715640360075153694248801789422345542440933317906657597723546988963713206e-63
-5.1481332888310236320305576798537181731120758651511315165812993493998949631088e-63
-7.9076709600568793011225874248407348929026506466876529259893070994602431424646e-64
-2.2027364124481334392096778340300617257045210008464296207275572510184012993832e-63
-1.1433766379644312863384600739752183527267347655616306334618982753415678278675e-63
-1.1095933747786476313621979664366754156221470312743979931383817488388569708044e-63
-4.9732144516748088662863111360338990044473612074771312916077214379843948556002e-64
-2.9113363052521899353507145260851823155616209020824919183713692598077440582937e-64
8.474188481613263149966078990164246236458744152163419237668553785986451255923e-65
1.409884342667758691276614401834871083594798048929537240710165952132612633184e-64
2.5586663702456135121206160388850947812645803293467007170414775366331122658754e-64
