3.33333333333333333333333333333333333333333333333333333333333333333333333333333333333333333333333333333333333333333333333333333333333333333333333333333333333333333333333333333333333333333333333333333333333333333333333333333333333333333333333333333333333333333333333333333333333333349598572249826992600324e-01
1.99999999999999999999999999999999999999999999999999999999999999999999999999999999999999999999999999999999999999999999999999999999999999999999999999999999999999999999999999999999999999999999999999999999999999999999999999999999999999999999999999999999999999999999999999999999999999993789636315281203553177e-01
1.42857142857142857142857142857142857142857142857142857142857142857142857142857142857142857142857142857142857142857142857142857142857142857142857142857142857142857142857142857142857142857142857142857142857142857142857142857142857142857142857142857142857142857142857142857142857142859514087454904469909173e-01
1.11111111111111111111111111111111111111111111111111111111111111111111111111111111111111111111111111111111111111111111111111111111111111111111111111111111111111111111111111111111111111111111111111111111111111111111111111111111111111111111111111111111111111111111111111111111111111110205733060939090738598e-01
9.09090909090909090909090909090909090909090909090909090909090909090909090909090909090909090909090909090909090909090909090909090909090909090909090909090909090909090909090909090909090909090909090909090909090909090909090909090909090909090909090909090909090909090909090909090909090909094365999293567637570766e-02
7.69230769230769230769230769230769230769230769230769230769230769230769230769230769230769230769230769230769230769230769230769230769230769230769230769230769230769230769230769230769230769230769230769230769230769230769230769230769230769230769230769230769230769230769230769230769230769229449333087974278916626e-02
6.66666666666666666666666666666666666666666666666666666666666666666666666666666666666666666666666666666666666666666666666666666666666666666666666666666666666666666666666666666666666666666666666666666666666666666666666666666666666666666666666666666666666666666666666666666666666666667170642405689482351994e-02
5.88235294117647058823529411764705882352941176470588235294117647058823529411764705882352941176470588235294117647058823529411764705882352941176470588235294117647058823529411764705882352941176470588235294117647058823529411764705882352941176470588235294117647058823529411764705882352940984059966072445465936e-02
5.26315789473684210526315789473684210526315789473684210526315789473684210526315789473684210526315789473684210526315789473684210526315789473684210526315789473684210526315789473684210526315789473684210526315789473684210526315789473684210526315789473684210526315789473684210526315789473757694115056172288824e-02
4.76190476190476190476190476190476190476190476190476190476190476190476190476190476190476190476190476190476190476190476190476190476190476190476190476190476190476190476190476190476190476190476190476190476190476190476190476190476190476190476190476190476190476190476190476190476190476190448151636626176913472e-02
4.34782608695652173913043478260869565217391304347826086956521739130434782608695652173913043478260869565217391304347826086956521739130434782608695652173913043478260869565217391304347826086956521739130434782608695652173913043478260869565217391304347826086956521739130434782608695652173923768215095514658722e-02
3.99999999999999999999999999999999999999999999999999999999999999999999999999999999999999999999999999999999999999999999999999999999999999999999999999999999999999999999999999999999999999999999999999999999999999999999999999999999999999999999999999999999999999999999999999999999999999999995924417581339423416e-02
3.70370370370370370370370370370370370370370370370370370370370370370370370370370370370370370370370370370370370370370370370370370370370370370370370370370370370370370370370370370370370370370370370370370370370370370370370370370370370370370370370370370370370370370370370370370370370370370371945878045551359822e-02
3.44827586206896551724137931034482758620689655172413793103448275862068965517241379310344827586206896551724137931034482758620689655172413793103448275862068965517241379310344827586206896551724137931034482758620689655172413793103448275862068965517241379310344827586206896551724137931034482176279080181808117e-02
3.22580645161290322580645161290322580645161290322580645161290322580645161290322580645161290322580645161290322580645161290322580645161290322580645161290322580645161290322580645161290322580645161290322580645161290322580645161290322580645161290322580645161290322580645161290322580645161290563661244299082904e-02
3.0303030303030303030303030303030303030303030303030303030303030303030303030303030303030303030303030303030303030303030303030303030303030303030303030303030303030303030303030303030303030303030303030303030303030303030303030303030303030303030303030303030303030303030303030303030303030303030295626551327907768e-02
2.85714285714285714285714285714285714285714285714285714285714285714285714285714285714285714285714285714285714285714285714285714285714285714285714285714285714285714285714285714285714285714285714285714285714285714285714285714285714285714285714285714285714285714285714285714285714285714285759491468640957825e-02
2.70270270270270270270270270270270270270270270270270270270270270270270270270270270270270270270270270270270270270270270270270270270270270270270270270270270270270270270270270270270270270270270270270270270270270270270270270270270270270270270270270270270270270270270270270270270270270270270268920979018847784e-02
2.56410256410256410256410256410256410256410256410256410256410256410256410256410256410256410256410256410256410256410256410256410256410256410256410256410256410256410256410256410256410256410256410256410256410256410256410256410256410256410256410256410256410256410256410256410256410256410256425254601225692799e-02
2.43902439024390243902439024390243902439024390243902439024390243902439024390243902439024390243902439024390243902439024390243902439024390243902439024390243902439024390243902439024390243902439024390243902439024390243902439024390243902439024390243902439024390243902439024390243902439024390251162530706345961e-02
2.32558139534883720930232558139534883720930232558139534883720930232558139534883720930232558139534883720930232558139534883720930232558139534883720930232558139534883720930232558139534883720930232558139534883720930232558139534883720930232558139534883720930232558139534883720930232558139534891790496391461999e-02
2.22222222222222222222222222222222222222222222222222222222222222222222222222222222222222222222222222222222222222222222222222222222222222222222222222222222222222222222222222222222222222222222222222222222222222222222222222222222222222222222222222222222222222222222222222222222222222222222228078425778202454e-02
2.12765957446808510638297872340425531914893617021276595744680851063829787234042553191489361702127659574468085106382978723404255319148936170212765957446808510638297872340425531914893617021276595744680851063829787234042553191489361702127659574468085106382978723404255319148936170212765957451297929189092764e-02
2.04081632653061224489795918367346938775510204081632653061224489795918367346938775510204081632653061224489795918367346938775510204081632653061224489795918367346938775510204081632653061224489795918367346938775510204081632653061224489795918367346938775510204081632653061224489795918367346941657715041068029e-02
1.96078431372549019607843137254901960784313725490196078431372549019607843137254901960784313725490196078431372549019607843137254901960784313725490196078431372549019607843137254901960784313725490196078431372549019607843137254901960784313725490196078431372549019607843137254901960784313725491183080181766453e-02
