-5.8233462378868903966312e+19
2.2234594726477217877875e+19
-8.4895725319276650079609e+18
3.241473148554199366668e+18
-1.2376533839934215763574e+18
4.7255856479748823824707e+17
-1.8043145201358641824072e+17
6.8892008950642086964355e+16
-2.6304221599336069568237e+16
1.0043430065201044744217e+16
-3.8347642067131261750717e+15
1.4641826971086481759319e+15
-5.5905157525966566717577e+14
2.1345605600823598201227e+14
-8.1501403203144647677064e+13
3.1118717586655229113162e+13
-1.1881692169450178388655e+13
4.5366461010627953847721e+12
-1.7321739658603400560003e+12
6.6137551423758438501973e+11
-2.525251963452594924618e+11
9.6418711331826351667172e+10
-3.6814417053970061545726e+10
1.4056413784243114408382e+10
-5.3669943539837345922933e+09
2.0492160260665168443247e+09
-7.8242793722539734055317e+08
2.9874521239515171183211e+08
-1.1406635382360338084266e+08
4.3552607823557654401554e+07
-1.6629177532631104140748e+07
6.3493223306409663359844e+06
-2.4242867080629125869322e+06
9.2563674307856182529974e+05
-3.5342493826634740138504e+05
1.3494406733802699998082e+05
-5.1524098438069552669427e+04
1.9672837585218947683952e+04
-7.5114470774013327613247e+03
2.8680070643680820569113e+03
-1.0950572387023662943098e+03
4.1811275324438684013011e+02
-1.5964302341455559997073e+02
6.0954536067171349910559e+01
-2.3273359277059896816985e+01
8.8856918586205136121253
-3.3914095385060773659936
1.2914730422124423614403
-4.841277466093557270983e-01
1.6132935583779742295126e-01
