126923745713692220
-48461793817955200
18503594003219250
-7065008619410988
2697548745593285.5
-1029973157408345.5
393262478283186.4
-150154764435398.5
57331819148061.234
-21890330947441.56
8358126361750.418
-3191284610850.1606
1218490487779.1497
-465241822606.5855
177637786813.42273
-67825336783.30785
25896946771.80739
-9887925131.054865
3775389595.4924636
-1441512391.0074987
550395640.2015008
-210151062.62383294
80239496.6366679
-30636898.717424586
11697724.96314372
-4466404.07861525
1705354.282693758
-651135.2735348917
248615.28420258287
-94925.83794092474
36244.408594166554
-13838.77655149742
5283.894031757073
-2017.4893945930671
770.3114329426081
-294.1217320333935
112.29807691604569
-42.880527799030965
16.369346819676803
-6.253477045128715
2.3841770489187843
-.9139952319480883
.34513982565237444
-.13579685064396546
.04764773246419909
-.022591232318086654
.004019035385668546
-.0063624482742479565
-.002634117517394505
-.004309028195138655
-.003938513116094742
-.004368651305876802
-.004515126159480196
-.004794695566981896
-.005051474237463671
-.005348780116030223
-.005666917635899301
-.00601903554408095
-.006406109639971274
-.006837169846505468
-.007314984559866098
-.007859461413621977
-.008460320952819551
-.009183352702368842
-.009921644490789689
-.010962771005040976
-.012090123612135927
-.013416673207641214
-.014144084336504607
-.017859250231214145
-.021659275416925264
-.021500579619401577
-.024798261575416595
-.03459358057728195
-.06356136841774461
-.14322243504940155
.05655210185417295
-.8283878894126373
.5529285616377567
.5139877152903772
-.1731013777068101
.05618366157291339
.02991519975102174
.02832376920101681
.025766248206648225
.02353974309940232
.021612578985341125
.019950609207707186
.01851356391064274
.017264538797656326
.016172230522682792
.01521086752516192
.014359457993350977
.01360093466704403
.012921385840074661
.01230941810995732
.011755646224313722
.011252290634751036
.010792861610198531
.010371911270057679
.009984838366125025
.009627733901695332
.009297258391484993
.008990543712622402
.008705114151952999
.008438822515702809
.008189798123497658
.00795640423300414
.0077372029912501465
.007530926427360556
.007336452321690847
.00715278403242967
.0069790335508769325
.006814407204220628
.0066581935399258755
.006509753016312519
.006368509195299289
.006233941189907325
.0061055771642597794
.005982988719957719
.005865786031827651
.005753613619543262
.005646146660755318
.005543087766928091
.005444164155864703
.005349125165385495
.0052577400613067985
.005169796100028335
.005085096812034885
.005003460477574124
.00492471876997389
.004848715545542678
.004775305761975924
.004704354509666676
.004635736142456194
.0045693334961450305
.004505037184633374
.004442744964860323
.004382361162847496
.004323796154108764
.004266965892530715
.004211791482536274
.004158198789977866
.0041061180877335944
.004055483732461485
.0040062338693621306
.003958310162169864
.003911657545891895
.003866224000098418
.0038219603407971744
.003778820029146034
.0037367589954334706
.0036957354769300266
.0036557098683486565
.003616644583791865
.0035785039291643577
.003541253984143504
.0035048624928792353
.0034692987626829697
.003434533570030682
.0034005390732737483
.0033672887315052483
.0033347572290807555
.003302920405341489
.003271755189123619
.003241239537680911
.003211352379674463
.003182073561920711
.0031533837996080656
.003125264629725311
.003097698367458847
.0030706680653436033
.003044157474964501
.0030181510110256836
.0029926337176185845
.0029675912365322078
.002943009777464451
.0029188760900011354
.0028951774372428184
.0028719015709660297
.0028490367082171274
.0028265715092421805
.0028044950566651814
.002782796835832756
.002761466716249973
.0027404949340367876
.0027198720753406577
.0026995890606444774
.002679637129914845
.0026600078285370504
.002640692993990313
.002621684743216281
.0026029754606413384
.002584557786810501
.0025664246076002955
.00254856904397238
.0025309844422413456
.0025136643648211677
.0024966025814288986
.0024797930607139687
.002463229962293846
.0024469076291693845
.002430820580502042
.0024149635047303252
.002399331253008925
.002383918832951859
.002368721402663613
.0023537342650432596
.0023389528623461407
.0023243727709908917
.0023099896965976746
.0022957994692464597
.0022817980389443606
.002267981471255557
.0022543459479134496
.0022408873015305557
.0022276306156155425
.0022134511537446866
.0022225873231187577
.002013806166777169
.0022209884557049917
.004506532481626918
.002352871861159396
-.001737802324716616
.0007071209672972513
.00014631634572457577
.00043567186982337814
.0005651415438960158
.0006134640601270103
.0006256964649523078
.0006269753910343699
.0006404477336378689
.0006489550946950514
.0006465850407893245
.0006447727591578968
.000641603834630384
.0006372296646719672
.0006313660049185278
.0006249291822853736
.0006177322207490169
.000610029611754645
.0006018583087642154
.0005933224983067356
.0005844720357406296
.0005753614703468786
.0005660302002715393
.0005565130217910176
.0005468383049111194
.000537029969957126
.0005271083122494859
.0005170905148189535
.0005069912784452083
.0004968231944049786
.00048659708849834067
.0004763223081219784
.00046600692962921186
.00045565795859397887
.000445281473239421
.00043488275991801126
.0004244664168507198
.0004140364453293754
.00040359632825336935
.00039314909440874295
.0003826973750929556
.0003722434518684695
.0003617892981932981
.0003513366151631336
.00034088686258074564
.0003304412860233891
.00032000094044607906
.0003095667108614403
.0002991393305038733
.0002887193968132359
.00027830738555427274
.0002679036633066287
.00025750849854825285
.00024712207151072487
.0002367444829623113
.00022637576205533465
.000216015873350771
.0002056647231221745
.00019532216502441638
.0001849880052034597
.00017466200691260256
.00016434389469269684
.0001540333581677455
.00014373005549920127
.0001334336165396768
.0001231436457196425
.00011285972469958667
.00010258141481367909
9230825933186039e-20
8203978556058523e-20
7177550680473148e-20
6151492420717404e-20
5125752848469641e-20
41002801574527075e-21
30750218207242384e-21
20499247418651534e-21
1024935401455632e-20
