3.3333333333333333333333333333333333333333333333333333333333333333333333333333333333333333333333333333333333330330035317607434415788186312005928683900478e-01
2.0000000000000000000000000000000000000000000000000000000000000000000000000000000000000000000000000000000000001146713787822615979202629692389446949319153e-01
1.4285714285714285714285714285714285714285714285714285714285714285714285714285714285714285714285714285714285713847878112182014216738822911207542198850033e-01
1.1111111111111111111111111111111111111111111111111111111111111111111111111111111111111111111111111111111111111278284922823433042777590543026201946483412e-01
9.0909090909090909090909090909090909090909090909090909090909090909090909090909090909090909090909090909090909090270790900734771965954858057905168648738819e-02
7.6923076923076923076923076923076923076923076923076923076923076923076923076923076923076923076923076923076923077166791471721995051542039764658346093458344e-02
6.6666666666666666666666666666666666666666666666666666666666666666666666666666666666666666666666666666666666666573612020820368169617239187564713750799544e-02
5.8823529411764705882352941176470588235294117647058823529411764705882352941176470588235294117647058823529411764741412308627946972116941558655967170801958e-02
5.2631578947368421052631578947368421052631578947368421052631578947368421052631578947368421052631578947368421052618012964288020020502471964006410316664428e-02
4.7619047619047619047619047619047619047619047619047619047619047619047619047619047619047619047619047619047619047624227358041956489455515891449502210323516e-02
4.3478260869565217391304347826086956521739130434782608695652173913043478260869565217391304347826086956521739130432804890170544256581345387169176032970523e-02
4.0000000000000000000000000000000000000000000000000000000000000000000000000000000000000000000000000000000000000000755128891407813237507707029753179615247e-02
3.7037037037037037037037037037037037037037037037037037037037037037037037037037037037037037037037037037037037037036748715096684518334497233497268919140274e-02
3.4482758620689655172413793103448275862068965517241379310344827586206896551724137931034482758620689655172413793103558362421116063066213327576261534763786e-02
3.2258064516129032258064516129032258064516129032258064516129032258064516129032258064516129032258064516129032258064474095982443691611033483102725742636655e-02
3.0303030303030303030303030303030303030303030303030303030303030303030303030303030303030303030303030303030303030303046352012963219906189989683509691676681e-02
2.8571428571428571428571428571428571428571428571428571428571428571428571428571428571428571428571428571428571428571422443635196042968326640755311612731009e-02
2.7027027027027027027027027027027027027027027027027027027027027027027027027027027027027027027027027027027027027027029366729956288946159659530755679245439e-02
2.5641025641025641025641025641025641025641025641025641025641025641025641025641025641025641025641025641025641025641024747684526832371673166283651958591291e-02
2.4390243902439024390243902439024390243902439024390243902439024390243902439024390243902439024390243902439024390243902780118274595955030491585283001112356e-02
2.3255813953488372093023255813953488372093023255813953488372093023255813953488372093023255813953488372093023255813953358136250771758736841545513717365044e-02
2.2222222222222222222222222222222222222222222222222222222222222222222222222222222222222222222222222222222222222222222271948639318776979659469918211519858e-02
2.1276595744680851063829787234042553191489361702127659574468085106382978723404255319148936170212765957446808510638297853353980048916543359404736288527746e-02
2.0408163265306122448979591836734693877551020408163265306122448979591836734693877551020408163265306122448979591836734701126925860774603560110544397292348e-02
1.9607843137254901960784313725490196078431372549019607843137254901960784313725490196078431372549019607843137254901960781545787163514938777600915089396033e-02
1.8867924528301886792452830188679245283018867924528301886792452830188679245283018867924528301886792452830188679245283019924778539278635203273540800121099e-02
1.818181818181818181818181818181818181818181818181818181818181818181818181818181818181818181818181818181818181818181818141466058971725465653803274784335e-02
1.7543859649122807017543859649122807017543859649122807017543859649122807017543859649122807017543859649122807017543859649276883613811600253672806439268599e-02
1.6949152542372881355932203389830508474576271186440677966101694915254237288135593220338983050847457627118644067796610169432701014424529895761915641634157e-02
1.6393442622950819672131147540983606557377049180327868852459016393442622950819672131147540983606557377049180327868852459038858471472039223690006319371521e-02
1.5873015873015873015873015873015873015873015873015873015873015873015873015873015873015873015873015873015873015873015873007300198646051960607691872846996e-02
1.5384615384615384615384615384615384615384615384615384615384615384615384615384615384615384615384615384615384615384615384618662547702378886543532988911408e-02
1.4925373134328358208955223880597014925373134328358208955223880597014925373134328358208955223880597014925373134328358208953976889867419615703479232750715e-02
1.4492753623188405797101449275362318840579710144927536231884057971014492753623188405797101449275362318840579710144927536232364666440252136468840078288213e-02
1.4084507042253521126760563380281690140845070422535211267605633802816901408450704225352112676056338028169014084507042253520947618654949474830783130150332e-02
1.3698630136986301369863013698630136986301369863013698630136986301369863013698630136986301369863013698630136986301369863013771263861940701908767082235626e-02
1.3333333333333333333333333333333333333333333333333333333333333333333333333333333333333333333333333333333333333333333333333309684870789141749528457348543e-02
1.2987012987012987012987012987012987012987012987012987012987012987012987012987012987012987012987012987012987012987012987012999966609474369008946202887363e-02
1.2658227848101265822784810126582278481012658227848101265822784810126582278481012658227848101265822784810126582278481012658226646895783241853461485485976e-02
1.234567901234567901234567901234567901234567901234567901234567901234567901234567901234567901234567901234567901234567901234568301091224662626572955957513e-02
1.204819277108433734939759036144578313253012048192771084337349397590361445783132530120481927710843373493975903614457831325301384129418413514655529214002e-02
1.1764705882352941176470588235294117647058823529411764705882352941176470588235294117647058823529411764705882352941176470588237694397102368796629593705849e-02
1.149425287356321839080459770114942528735632183908045977011494252873563218390804597701149425287356321839080459770114942528735823598393085413638752817614e-02
1.1235955056179775280898876404494382022471910112359550561797752808988764044943820224719101123595505617977528089887640449438204069605888660238967881203944e-02
1.0989010989010989010989010989010989010989010989010989010989010989010989010989010989010989010989010989010989010989010989010990571557028406987979262424438e-02
1.0752688172043010752688172043010752688172043010752688172043010752688172043010752688172043010752688172043010752688172043010754033694680504167580569210881e-02
1.0526315789473684210526315789473684210526315789473684210526315789473684210526315789473684210526315789473684210526315789473685302521753859674316901031272e-02
1.0309278350515463917525773195876288659793814432989690721649484536082474226804123711340206185567010309278350515463917525773196707931414761094544482497554e-02
1.0101010101010101010101010101010101010101010101010101010101010101010101010101010101010101010101010101010101010101010101010101571134588111633780858967661e-02
9.9009900990099009900990099009900990099009900990099009900990099009900990099009900990099009900990099009900990099009900990099012657929247239532018353279579e-03
