4.4588172360332232e+16
-1.702457490121776e+16
6.500292235010418e+15
-2.4819297624585235e+15
9.4764590930234512e+14
-3.61828438097259e+14
1.3815267636440809e+14
-5.2749203702773898e+13
2.0140605050150113e+13
-7.6900492009663359e+12
2.9362006040053901e+12
-1.1210947760747285e+12
4.2805436904676678e+11
-1.6343894090871689e+11
6.2403959256100967e+10
-2.382696626137775e+10
9.0975689362025642e+09
-3.4736172301484895e+09
1.3262902151835713e+09
-5.0640171849044943e+08
1.9335338345620152e+08
-7.3825837288531512e+07
2.8188046994481273e+07
-1.0762708823898125e+07
4.1093979419879983e+06
-1.5690428242135711e+06
5.9908910373159347e+05
-2.2874308783783179e+05
8.7338293559962694e+04
-3.3347325574199924e+04
1.2732637363119667e+04
-4.8615309904291507e+03
1.856241735759111e+03
-7.0872663981220148e+02
2.7062434893932186e+02
-1.0331020607831314e+02
3.9464293853839699e+01
-1.5050091241743791e+01
5.7640318478453318
-2.1836161325998096
8.5052432027088787e-01
-3.0836193032771231e-01
1.3374407263522792e-01
-3.5420697818453029e-02
2.8824872452035244e-02
3.9651427102682657e-03
1.3141503665004439e-02
9.3354682039641368e-03
1.0498756149121213e-02
9.7763459859678825e-03
9.7849399865075348e-03
9.5248172310353763e-03
9.3771232340320587e-03
9.1958059670285142e-03
9.0361562380931737e-03
8.8766077638313678e-03
8.7250241477310198e-03
8.5779636169271978e-03
8.4365659202114696e-03
8.2996648356428171e-03
8.168700512807936e-03
8.0396392891328716e-03
7.9212469570770772e-03
7.7938564046997616e-03
7.7019132780802302e-03
7.5417615421797812e-03
7.5309222404060794e-03
7.3705496856302233e-03
7.0841933576648586e-03
7.4542916150077687e-03
7.247845499863681e-03
5.9268490560731024e-03
1.0552055112521774e-02
4.5140387646442903e-03
3.6413659439940016e-03
1.1413945898200772e-02
2.8737919759571628e-03
9.6074529886278626e-03
4.4424637289888214e-03
7.9134266289420108e-03
9.8949076767873567e-03
-3.2326323711556748e-03
9.5040373299324354e-03
6.7976663080411281e-03
4.4785035276735385e-03
6.1317240452962718e-03
5.5080223091366065e-03
5.5685743239515251e-03
5.4959073854536911e-03
5.4421207592494358e-03
5.387032458517238e-03
5.3327339830602227e-03
5.2791354396901635e-03
5.2262913851914838e-03
5.1742336335462991e-03
5.1229834918296024e-03
5.0725536056968057e-03
5.0229498481952906e-03
4.9741728241190497e-03
4.926219062367565e-03
4.8790819550810216e-03
4.8327524957909596e-03
4.7872198596383697e-03
4.7424718599955451e-03
4.6984953084234782e-03
4.6552762989262586e-03
4.612800432762576e-03
4.5710529964340108e-03
4.5300191026576009e-03
4.4896838019730101e-03
4.4500321709639579e-03
4.4110493817997032e-03
4.3727207568029502e-03
4.3350318109816044e-03
4.2979682848653944e-03
4.2615161695109816e-03
4.2256617251765771e-03
4.1903914948666632e-03
4.1556923137269219e-03
4.1215513150718586e-03
4.0879559336923776e-03
4.0548939069595669e-03
4.0223532741603396e-03
3.9903223744057748e-03
3.9587898434063629e-03
3.9277446093455293e-03
3.8971758880483875e-03
3.8670731776044853e-03
3.8374262525744385e-03
3.8082251578932524e-03
3.7794602025555957e-03
3.7511219531582984e-03
3.7232012273613613e-03
3.6956890873152126e-03
3.668576833095516e-03
3.6418559961786112e-03
3.6155183329837914e-03
3.5895558185050636e-03
3.5639606400459378e-03
3.5387251910752315e-03
3.5138420652105484e-03
3.4893040503394257e-03
3.4651041228808133e-03
3.441235442196211e-03
3.4176913451453572e-03
3.3944653407944614e-03
3.3715511052734293e-03
3.3489424767816356e-03
3.3266334507433548e-03
3.3046181751070769e-03
3.2828909457909283e-03
3.261446202266205e-03
3.2402785232823472e-03
3.219382622724476e-03
3.198753345603933e-03
3.1783856641762753e-03
3.1582746741842804e-03
3.1384155912235201e-03
3.1188037472231755e-03
3.0994345870436479e-03
3.0803036651827487e-03
3.0614066425913578e-03
3.0427392835903344e-03
3.0242974528891242e-03
3.0060771127025099e-03
2.9880743199599547e-03
2.9702852236050958e-03
2.9527060619849443e-03
2.9353331603223509e-03
2.9181629282704069e-03
2.9011918575463369e-03
2.8844165196419969e-03
2.8678335636065366e-03
2.8514397139012271e-03
2.8352317683240091e-03
2.8192065959971035e-03
2.8033611354221222e-03
2.7876923925949093e-03
2.7721974391794468e-03
2.7568734107410453e-03
2.7417175050334919e-03
2.7267269803405991e-03
2.7118991538686021e-03
2.6972314001900699e-03
2.6827211497333359e-03
2.6683658873210003e-03
2.6541631507521757e-03
2.6401105294280303e-03
2.6262056630192987e-03
2.6124462401739823e-03
2.5988299972652396e-03
2.5853547171748037e-03
2.5720182281150361e-03
2.5588184024856186e-03
2.5457531557622204e-03
2.5328204454213576e-03
2.5200182698943419e-03
2.5073446675536459e-03
2.4947977157268042e-03
2.4823755297420647e-03
2.4700762619984662e-03
2.4578981010656697e-03
2.4458392708068821e-03
2.4338980295297574e-03
2.4220726691588368e-03
2.4103615144337454e-03
2.3987629221282614e-03
2.3872752802922559e-03
2.3758970075151709e-03
2.3646265522094811e-03
2.3534623919139186e-03
2.3424030326169021e-03
2.3314470080972871e-03
2.3205928792848773e-03
2.3098392336364792e-03
2.2991846845310526e-03
2.2886278706790719e-03
2.2781674555500953e-03
2.2678021268134341e-03
2.2575305957954761e-03
2.2473515969512192e-03
2.2372638873489059e-03
2.2272662461693127e-03
2.2173574742179181e-03
2.2075363934490611e-03
2.1978018465045324e-03
2.1881526962617137e-03
2.1785878253948177e-03
2.1691061359478958e-03
2.159706548917617e-03
2.1503880038469259e-03
2.141149458429803e-03
2.1319898881262400e-03
2.1229082857849857e-03
2.1139036612780604e-03
2.1049750411432644e-03
2.0961214682360119e-03
2.0873420013898247e-03
2.078635715084598e-03
2.0700016991239689e-03
2.0614390583200137e-03
2.0529469121863819e-03
2.0445243946372038e-03
2.0361706536962121e-03
2.0278848512096381e-03
2.0196661625686563e-03
2.011513776436713e-03
2.0034268944846279e-03
1.9954047311312451e-03
1.987446513290525e-03
1.9795514801244085e-03
1.9717188828018983e-03
1.963947984263692e-03
1.9562380589919215e-03
1.9485883927850001e-03
1.9409982825397964e-03
1.9334670360353634e-03
1.925993971725104e-03
1.9185784185311583e-03
1.9112197156450073e-03
1.9039172123316295e-03
1.8966702677394309e-03
1.8894782507126173e-03
1.8823405396091175e-03
1.8752565221229478e-03
1.8682255951087967e-03
1.8612471644121609e-03
1.8543206447025895e-03
1.8474454593107037e-03
1.8406210400689904e-03
1.8338468271554831e-03
1.827122268941439e-03
1.8204468218427916e-03
1.8138199501733787e-03
1.8072411260023902e-03
1.8007098290151458e-03
1.7942255463756496e-03
1.7877877725940294e-03
1.7813960093944203e-03
1.7750497655875108e-03
1.7687485569450878e-03
1.7624919060770239e-03
1.7562793423115952e-03
1.7501104015773539e-03
1.7439846262885528e-03
1.7379015652314589e-03
1.7318607734548852e-03
1.7258618121613889e-03
1.7199042486015781e-03
1.7139876559706391e-03
1.7081116133061958e-03
1.7022757053890558e-03
1.696479522645955e-03
1.6907226610531900e-03
1.6850047220440256e-03
1.6793253124163243e-03
1.6736840442428402e-03
1.6680805347832894e-03
1.6625144063977526e-03
1.656985286462076e-03
1.6514928072852708e-03
1.6460366060278009e-03
1.6406163246225347e-03
1.6352316096956976e-03
1.6298821124911544e-03
1.6245674887942485e-03
1.6192873988600809e-03
1.6140415073289116e-03
1.6088294834557537e-03
1.6036509943724298e-03
1.5985058203282776e-03
1.5933923240527559e-03
1.5883227704087677e-03
1.5832112901561501e-03
1.5784370251588076e-03
1.5731804282401729e-03
1.566363857166797e-03
1.569621713744862e-03
1.5578712993706834e-03
1.5334668438680144e-03
1.5614565065715791e-03
1.5499563064196309e-03
1.5414476610382533e-03
1.5430407217769115e-03
1.5296728304257101e-03
1.5382437722746278e-03
1.5142096360145629e-03
1.5177547995477436e-03
1.5246844555403261e-03
1.5096179032605406e-03
1.5079623689382426e-03
1.5032682756048743e-03
1.4976777787096829e-03
1.4936782201697696e-03
1.4892796899645955e-03
1.4846448120939826e-03
1.4803340436442269e-03
1.4759080172468408e-03
1.4715741022803819e-03
1.4672424233244108e-03
1.4629511043033894e-03
1.4586815328363478e-03
1.4544409692816007e-03
1.4502259034787635e-03
1.4460369039011045e-03
1.4418731855543321e-03
1.4377345526253027e-03
1.433620587585116e-03
1.429531011484908e-03
1.4254655173213671e-03
1.4214238318301931e-03
1.4174056886973041e-03
1.4134108361607556e-03
1.409439031275328e-03
1.4054900397890702e-03
1.4015636351825123e-03
1.3976595976388229e-03
1.3937777133223861e-03
1.3899177738356805e-03
1.3860795757194566e-03
1.3822629200022085e-03
1.3784676118768768e-03
1.3746934603782179e-03
1.3709402781267865e-03
1.3672078810953447e-03
1.3634960884152392e-03
1.3598047221985432e-03
1.3561336073859565e-03
1.352482571608693e-03
1.3488514450683553e-03
1.3452400604268000e-03
1.3416482527084383e-03
1.3380758592107522e-03
1.3345227194245801e-03
1.3309886749595101e-03
1.3274735694761564e-03
1.3239772486246526e-03
1.3204995599862546e-03
1.3170403530204933e-03
1.3135994790145489e-03
1.3101767910377315e-03
1.3067721438968505e-03
1.3033853940962459e-03
1.3000163997969327e-03
1.2966650207821839e-03
1.2933311184206708e-03
1.2900145556340448e-03
1.2867151968654067e-03
1.2834329080473328e-03
1.280167556574785e-03
1.2769190112749129e-03
1.2736871423812968e-03
1.2704718215064137e-03
1.267272921617657e-03
1.2640903170113571e-03
1.2609238832890224e-03
1.257773497334469e-03
1.2546390372898397e-03
1.2515203825338439e-03
1.2484174136597748e-03
