-9.316580761755179538466788828894073638118841602933769979306886809561456925249367854543560221814770068360770318165924465773787792615631466733799461937867e-02
-4.5288780386459045097751837161560330036696360744767977430783273780043588701204292519092639731055987527665604768235813330832599574504387257425076893397924e-02
-2.8523503044298133881621323548962412880450990785427762477961487151718997774385810971768904260299737770464320601870691162285217538505824457488615829233837e-02
-2.0416782395671806457819861961132862375774695875050920012241284415498938810352474698688971233108605774178044346081964172128456132266408871827874363889604e-02
-1.5753122211451782370500231969786280031837720132974165215282679254002642818606841334439712162869515072288891786853365930451259232392714503314882718181912e-02
-1.2762133983995046837526297061895300251186231248024685788453955498282062190296483125748696183100430496989182532806655945664795370702830227326062878170873e-02
-1.0696179458234471726593259627558675994381874424537659854022774409744512095238506775911931741056226733256250647396862993975601214296180236661302425482877e-02
-9.1904817704924897483304312115827102598902614920543201806103322616399115370539923148330971008620733535422340489105242783217016269343311489611532560699238e-03
-8.0477257639210977533306290029737892332564452648906611564024785651066322919848851989679236107542081003047007915366269291694942840261397074717447355812761e-03
-7.1525771743474880274165430608755748394500328043770407303378187459888582176920543210545211703733624945538573432936138463892153788575258352815442160006534e-03
-6.4334228453976799585186048905962397687245780863873992651804154078053309224859774834725569681647249057369331545554143253290960481862381835515021452982384e-03
-5.8435916418124950115595378244405917806968758514628710853999655740237970326343169189618786695729391836392732989382812256057981730258106087470362251552839e-03
-5.3514375615361908121735256349886987721405940970489208430933236785530219083586707436955900310650460050469498650027305915434764500949271622859868626265238e-03
-4.9347816735737213577853801987340129946353107814492164829267186510387916850198996717098369057913718867325704343974611658558265752516376113321458755495877e-03
-4.5776392607843624663677439562448062689407440974650507063746257279548984214889542822890561174413048820367512244762621017760620195699269224157787142202379e-03
-4.2682105719181257436807144254666859446833914607163462965336973692936703882072127328854243590714808945646621877627985404344309730496920595258011878596639e-03
-3.9976025538316367083340470832286238492688437271725261503057431192531035578075842820626994498080138682421376808704560015061249644549662711253713131073218e-03
-3.7589901590812065435981369404187460120690630985638444445517308164761366125635730907627740933422483752744646823601907935300989803609087774229061711692689e-03
-3.5470510405974501081143635992033358888465611513452602083258114625852462821375947050246836011810065348383174509183819759296874339622723356554063026627954e-03
-3.3575753658924309997763184610108356186165515414256649451408544082758596934146681996881758818884171185271165755107660385649402468657953515873180346271761e-03
-3.1871907680302807041274196822981796636625119436067460984449189656232508265870991732774464091375923207160314796508232377488505758474709848945728370241364e-03
-3.033164773606759042061295849416287219872890657782687075372792172532141815257581793609501045158209550358305498800971097563759062180769128492161603197008e-03
-2.8932604613902378844060187042474790520312663677790119749658326273639538591183409927183720580539408172756489881081365813359718306998502470890207044103624e-03
-2.7656293847910522960564276286840824825918595748905542608138394813994299771978047460829364430870415857622626295902712898320861093781277073437571661261079e-03
-2.6487310270819315064330336931566873654226375415822898133560442900526912904865904522669647549124168766844709226105263303325076822729431047695596149392183e-03
-2.5412714425270605136576206880671129049846821419372433216394405411963008184069927313875416127580888215702445530205049988829093905955751066111718198683519e-03
-2.4421559680085993537898680866453759722597426492792805134156005080556622525444140650340481270747248451553795057415474079604187067529751600993493769139736e-03
-2.3504523880333475221657375461809650400678889780933630720394486428432362503121525466194061223950833067985692043254776670239164533920635768183260872648056e-03
-2.2653619589269363784161142993132059708469676232028946087367705584824151109965224762355145183848833811413870356024218041322074481646787724036544005539597e-03
-2.1861964071845327457677472272162490025024814906262680286895326083569915043563271902509476247195042319429280582994935310754717524000048650756637398762683e-03
-2.1123595155904770558163954025419725926309363371877514132066459372185787383000198217855875129633057927285398238998786434290262937382673191119846475770903e-03
-2.0433322659607448476118267626580366245645315502903163245074290906738251248945547792891534276498822634284350689290553238432765629544819700691294610422005e-03
-1.9786607635389330446395823148525487290645241050364005741592790411432330208086716801121755068821059312516997765119374113459573880750962727285775169860626e-03
-1.9179463549184856466884734791691009203710633551880942892779818551389775647429875887375623901158631146952438631744976212135282843565958131751557320593977e-03
-1.860837489084853037932582125075040824086759543547229211960106423515380732353017873458269887620459902918122089744221258076877474840173546097974191897202e-03
-1.8070229736940804291570483821702185895281184274864832252085802955909492475390211963818937991815497902622388525897993782477426836848595422688765274911492e-03
-1.7562263557356302044212008792496308892435160171822623559669385130738592424466090926092605616570756699437511050701315730978917278145911968761969568745369e-03
-1.7082012141116079257266795652015330391104763437776224578009602133713965944071772780498536429549143289066864189843020593576396723066785344662334209420075e-03
-1.6627271962799906835675377032462372029246767166657598964446954717497623391979729458789802239189098111274857492392167371860032838817581068365564481268737e-03
-1.6196066654741608130541338777612651670167708831214537233633021147829038988860668889678374439303200631094103790822020856456289202723531690398291672014415e-03
-1.5786618512118604397037950871917967907292313917248508632627243998283128799194393157409469444436578262485339896863980407490267421686636716684097563530992e-03
-1.5397324420086328768588891060202986735988963126920488623533192451801878192230355096469883438240756638061338111519323583005475978590554287273738060683164e-03
-1.5026724609127705574671730066083468939386372575079419012926180930769896493196630010120157550148144374571504211205208737917952650051783745162776228446897e-03
-1.4673828217528874202233099957520238278376368316769614068172303492279386606898780392919480715716323025394690394528052838028854052174604005224452846229899e-03
-1.4329673925767441405238051584728414738626536159822028075361915489015817677059247254156495014051396869699586276821578113849995302137365281438347463327618e-03
-1.412649863225719905351263607838512130667930844151193026920666192753607843398380810440589789345257136729457862400843831552340970655675590067825740920107e-03
-1.2491057638298728342958145304494966094097539832012655302617535054714105213815646768511729857557899904415097618221771021052160324643218125632136085918475e-03
-2.1584321063588008922707461863554026147162230092277693611197814600864130180050476002521365603628666677298746778416880431872113626658052194596227395070055e-03
1.7141895320915371990267998953004683783471358044022486396462284702427033957912239285237841404918843067071757893770267981276169629120747197886879659787464e-03
-6.2043307681384954173049117075842899234542557953483818292931994894397240726022868472005024869919006671343157749571769023096459960873508155151620223799974e-03
