2.4016752571578153794866544504439259695214491730399563354026446523771876408083965478789773111518563264972563015167408867559545540717701866599533871395487e-01	3.3333333333333333333333333333333333333333333333333333333333333333333333333333333333333333333333333333333333333333333333333333333333333333333333333333354e-01
1.5471121961354095490224816283843966996330363925523202256921672621995641129879570748090736026894401247233439523176418666916740042549561274257492310660201e-01	2.0000000000000000000000000000000000000000000000000000000000000000000000000000000000000000000000000000000000000000000000000000000000000000000000000000024e-01
1.1433363981284472326123581930818044426240615207171509466489565570542385936847133188537395288255740508667853654098645169485763960435131839965424131362344e-01	1.4285714285714285714285714285714285714285714285714285714285714285714285714285714285714285714285714285714285714285714285714285714285714285714285714285697e-01
9.0694328715439304653291249149978248735336415236060191098869826695612172300758636412422139878002505336933066765029146938982654978844702239283236747221371e-02	1.1111111111111111111111111111111111111111111111111111111111111111111111111111111111111111111111111111111111111111111111111111111111111111111111111111098e-01
7.5155968697639126720408858939304629059071370776116743875626411655088266272302249574651196928039575836802017304055724978639649858516376405776026372727151e-02	9.0909090909090909090909090909090909090909090909090909090909090909090909090909090909090909090909090909090909090909090909090909090909090909090909090909369e-02
6.4160942939081876239396779861181622825736845675052237288469121424794860886626593797328226893822646426087740544116420977412127706220246695750860198752298e-02	7.6923076923076923076923076923076923076923076923076923076923076923076923076923076923076923076923076923076923076923076923076923076923076923076923076923171e-02
5.5970487208432194940073407039107990672284792242129006812643892256922154571428159890754734925610439933410416019269803672691065452370486430005364241184075e-02	6.6666666666666666666666666666666666666666666666666666666666666666666666666666666666666666666666666666666666666666666666666666666666666666666666666666952e-02
4.9633047641272216134022509964887877975403856155004503348801432444242441404122478273402197016784985469987177715795358074619474843653904145156493802753929e-02	5.8823529411764705882352941176470588235294117647058823529411764705882352941176470588235294117647058823529411764705882352941176470588235294117647058823242e-02
4.4583853183447323299300949944394631819375133682477759896229100382261788760646693748400497441877370847063720261094952018198926768605439239896676317050512e-02	5.2631578947368421052631578947368421052631578947368421052631578947368421052631578947368421052631578947368421052631578947368421052631578947368421052631482e-02
4.0466470444700131020202504558172044208169014814670578317281228873058760829926993297993097877245685124493761704325433772658403668761521783766074831618336e-02	4.7619047619047619047619047619047619047619047619047619047619047619047619047619047619047619047619047619047619047619047619047619047619047619047619047618989e-02
3.7044838024167537432785742935490716753014552348395209430471758505238147338383587733918747379661362050784805975879368283366556125726805294709367419919033e-02	4.3478260869565217391304347826086956521739130434782608695652173913043478260869565217391304347826086956521739130434782608695652173913043478260869565217577e-02
3.4156408358187504988440462175559408219303124148537128914600034425976202967365683081038121330427060816360726701061718774394201826974189391252963774844704e-02	4.0000000000000000000000000000000000000000000000000000000000000000000000000000000000000000000000000000000000000000000000000000000000000000000000000000293e-02
3.1685599475500846224863511402048338264896442939988116193943713358484015128678366293341447005971991031990087172034306445493560586942109874751050174410875e-02	3.7037037037037037037037037037037037037037037037037037037037037037037037037037037037037037037037037037037037037037037037037037037037037037037037037036788e-02
2.9547976947115933814628412904714262867433654735792162827418108935168104866704238259324645852829317768439843358705987110006242390265603767978198952036409e-02	3.4482758620689655172413793103448275862068965517241379310344827586206896551724137931034482758620689655172413793103448275862068965517241379310344827585996e-02
2.7680425255344669791696772172787451795575384934793013809754406530109617707543303782227072914816759634092281033588254027256196044946202109842285801908784e-02	3.2258064516129032258064516129032258064516129032258064516129032258064516129032258064516129032258064516129032258064516129032258064516129032258064516129328e-02
2.6034819731112177286622315877563617085619638842313956733769332933736632642095817570144878671231549408465640842540231762595872057253338243504501842443663e-02	3.0303030303030303030303030303030303030303030303030303030303030303030303030303030303030303030303030303030303030303030303030303030303030303030303030303327e-02
2.4573826017596934720237381488199947579302584844256045278265685452175467870763844289365871978763414703186433747700972569922446464116462300303200115464011e-02	2.8571428571428571428571428571428571428571428571428571428571428571428571428571428571428571428571428571428571428571428571428571428571428571428571428571638e-02
2.3268036867945820483428890086608281014957963928463182582475296210550890414463453936264252933684778651752562344666836233496928046666118249604120855857700e-02	2.7027027027027027027027027027027027027027027027027027027027027027027027027027027027027027027027027027027027027027027027027027027027027027027027027027275e-02
2.2093974600428190917526662041822305136794464489680380817315214178440394743503430936000957424460019106187323574722643665095953591678753305370234722978058e-02	2.5641025641025641025641025641025641025641025641025641025641025641025641025641025641025641025641025641025641025641025641025641025641025641025641025640853e-02
2.1032668536546593390467583978013554625285887482964578957298169981968042745609722044214263142501826783911907814733136400459449997036643672802925867811841e-02	2.4390243902439024390243902439024390243902439024390243902439024390243902439024390243902439024390243902439024390243902439024390243902439024390243902439322e-02
2.0068623185458091388895836131655308708430511312207207389927174057632563126901272919745809404815896051376991776163130250623242447408342968593799255999482e-02	2.3255813953488372093023255813953488372093023255813953488372093023255813953488372093023255813953488372093023255813953488372093023255813953488372093023313e-02
1.9189057448615463180160926372805935002349331564439535146849430049690080406964640428612721177064012671863916723421251124658463160041453093730060619025309e-02	2.2222222222222222222222222222222222222222222222222222222222222222222222222222222222222222222222222222222222222222222222222222222222222222222222222222317e-02
1.838333528329061317942376852979507413945809533434864759950225247901902486428591432643056411215882514017115952253016129100445370121504336993225589133439e-02	2.1276595744680851063829787234042553191489361702127659574468085106382978723404255319148936170212765957446808510638297872340425531914893617021276595744447e-02
1.7642533880515070152923164208050611394959160833272711045308609498192406757496072804937471720178264536686716962246463404045464911030035557962365282853197e-02	2.0408163265306122448979591836734693877551020408163265306122448979591836734693877551020408163265306122448979591836734693877551020408163265306122448979305e-02
1.6959112110172970454351280032333508713008735007437318029781210611908093023238899743811466617636602731158666332291434453981217807923135326602989404668529e-02	1.9607843137254901960784313725490196078431372549019607843137254901960784313725490196078431372549019607843137254901960784313725490196078431372549019607747e-02
1.6326653085774826278795209500612132378034185782591058565153012288992378426876026136536986689128703631259944126224778019985015137706311685841658368810651e-02	1.8867924528301886792452830188679245283018867924528301886792452830188679245283018867924528301886792452830188679245283018867924528301886792452830188679003e-02
1.5739662213809582464391950095172805845922075532538901304766217673762519565637404116784133691107093336662802312440270773857763111428843021718832441268145e-02	1.8181818181818181818181818181818181818181818181818181818181818181818181818181818181818181818181818181818181818181818181818181818181818181818181818182118e-02
1.519340726108945949537812210294184197747597067102944394550441100627957076723170710250340089514877634232423781321838198209889056415179607230448093027892e-02	1.7543859649122807017543859649122807017543859649122807017543859649122807017543859649122807017543859649122807017543859649122807017543859649122807017544031e-02
1.4683790583445944977516089090517302503729303563237783357364924356771822177139070744103468532462574245977257032194188365359317975564134786918379497751482e-02	1.6949152542372881355932203389830508474576271186440677966101694915254237288135593220338983050847457627118644067796610169491525423728813559322033898305137e-02
1.4207246215766286926363400313767357554874567689701600823769483785085631446463344940896593358887053145106252269569358927940921690222945954596467407664785e-02	1.6393442622950819672131147540983606557377049180327868852459016393442622950819672131147540983606557377049180327868852459016393442622950819672131147541054e-02
1.3760656357425395960056620470473900423242079535828121602666369935797294277572996051230285502909710080287333191973137229586846722134748553903888368295601e-02	1.5873015873015873015873015873015873015873015873015873015873015873015873015873015873015873015873015873015873015873015873015873015873015873015873015872996e-02
1.3341283118654639767772788621957347990820083834325068290877186293941559490490060605326231187734733121186949546455560060772108052430133414546255154342739e-02	1.5384615384615384615384615384615384615384615384615384615384615384615384615384615384615384615384615384615384615384615384615384615384615384615384615384634e-02
1.2946712370789425164315641565744466196308610223321808381064601555871692352325656678096779716998491083673673357816420797609266492521918652644556811372292e-02	1.4925373134328358208955223880597014925373134328358208955223880597014925373134328358208955223880597014925373134328358208955223880597014925373134328358355e-02
1.2574807268269920150412975796193217920208646789739441942606076115875515188880200817059539059159499204145335846970429915018355773614418679578467456346767e-02	1.4492753623188405797101449275362318840579710144927536231884057971014492753623188405797101449275362318840579710144927536231884057971014492753623188405859e-02
1.2223669553168668088827981255206649316758310878987982055645527379301520676097686351893842788435878125250891994762820995444249285723206735592166653173397e-02	1.4084507042253521126760563380281690140845070422535211267605633802816901408450704225352112676056338028169014084507042253521126760563380281690140845070293e-02
1.1891607163292220940705965316459918396773251435527215404928406005778913766159608940604407570681463908367898133711570484765955946452126759100986486207347e-02	1.3698630136986301369863013698630136986301369863013698630136986301369863013698630136986301369863013698630136986301369863013698630136986301369863013698496e-02
1.1577106977597703128912132454083702444089817316151070977366394820259474090886724240724072771676257663389582228263201760235441605518742136457136376458792e-02	1.3333333333333333333333333333333333333333333333333333333333333333333333333333333333333333333333333333333333333333333333333333333333333333333333333333635e-02
1.127881177290137908726033342181145397387653664323536455518605277364159041857983570896313337003209865810630059400271092765534734068033445254675359204474e-02	1.2987012987012987012987012987012987012987012987012987012987012987012987012987012987012987012987012987012987012987012987012987012987012987012987012987053e-02
1.0995500651821275139217272423336041278087981511182341369378089338376819939283039712348867877346912973682640833039264275472224564219507715948253678455211e-02	1.2658227848101265822784810126582278481012658227848101265822784810126582278481012658227848101265822784810126582278481012658227848101265822784810126582085e-02
1.0726072346871518199291545134584413845328908129224225288982376897562775113459612123377841568415358949236268633263476926700050092073325843305849845144155e-02	1.2345679012345679012345679012345679012345679012345679012345679012345679012345679012345679012345679012345679012345679012345679012345679012345679012345596e-02
1.0469530919872476909693795274253986341800889090202859980110769576075301577911885985463872332664775908691225046458180272503985306024107412668939641237542e-02	1.2048192771084337349397590361445783132530120481927710843373493975903614457831325301204819277108433734939759036144578313253012048192771084337349397590641e-02
1.0224973440344308299611699129273818973459927216719715843529033695996282769012258608000070479705336100899748541789244112287687696258591630096155605696027e-02	1.1764705882352941176470588235294117647058823529411764705882352941176470588235294117647058823529411764705882352941176470588235294117647058823529411764648e-02
9.9915804126504478333374246945410783934176845815725178688223244356586425345883829759994784978587487809336541765806285514955610568339020852538373196838738e-03	1.1494252873563218390804597701149425287356321839080459770114942528735632183908045977011494252873563218390804597701149425287356321839080459770114942528869e-02
9.7685722344268878606755664087423581946342732806825891549805224597608253842539421854271530520238733154380590504348351656353168419735508354326108951521811e-03	1.1235955056179775280898876404494382022471910112359550561797752808988764044943820224719101123595505617977528089887640449438202247191011235955056179775171e-02
9.5560435964342448704652058305381475371263573730287862034528194401094072432830862635953395095838713020410303833068531776259894807752744608671542646560007e-03	1.0989010989010989010989010989010989010989010989010989010989010989010989010989010989010989010989010989010989010989010989010989010989010989010989010988763e-02
9.340038308817290847336908435172240557504112166601495145122344559934564199612371877731453221407431035313552890287328211458411717516367420684862431123206e-03	1.0752688172043010752688172043010752688172043010752688172043010752688172043010752688172043010752688172043010752688172043010752688172043010752688172043313e-02
9.2772100256438113762305012590241876011165618062724186802645622840022736891447511126225112247705257990321744487041386873684681780619939769104706019347545e-03	1.0526315789473684210526315789473684210526315789473684210526315789473684210526315789473684210526315789473684210526315789473684210526315789473684210526296e-02
8.1508462441566630252550270095208860450775914237619213605297030759960612087990761110880696252041436415484758376222294825859845136228545743548102501833917e-03	1.0309278350515463917525773195876288659793814432989690721649484536082474226804123711340206185567010309278350515463917525773195876288659793814432989690703e-02
1.1815199633101638209127809996310569388448145905412349649747238571252804405892234029533885150592894407717276799478036899137717973013084820798788976079855e-02	1.0101010101010101010101010101010101010101010101010101010101010101010101010101010101010101010101010101010101010101010101010101010101010101010101010101109e-02
3.6966593308714055727940981934058090864467343036615191608058104115503749372987032518093985031071092338557832349438131967002549940116590854749369875209896e-03	9.9009900990099009900990099009900990099009900990099009900990099009900990099009900990099009900990099009900990099009900990099009900990099009900990099012926e-03
