250503466528862300
-95646778129202020
36519678922058950
-13943877406604326
5324025918885288
-2032809896301655
776163778587904.4
-296353442733563.44
113153132680087.86
-43203923386942.63
16496043475014.459
-6298489326823.703
2404877742969.0513
-918226047315.4558
350595399884.0832
-133863698137.55905
51111593834.34067
-19515335827.657402
7451310043.287308
-2845045652.8915854
1086290158.3767154
-414765333.19845766
158364945.4029683
-60466615.51758018
23087253.197534222
-8815133.039150024
3365778.069397871
-1285115.2629611378
490680.373026033
-187350.68799179888
71533.898937628
-27312.94334928471
10428.57824628287
-3981.820913409752
1520.3314878555027
-580.4903433974474
221.64162305569678
-84.62695161115363
32.3119528665801
-12.337453082605927
4.710495632815797
-1.7987276779408035
.6866053363451845
-.262347082467835
.09997280088047616
-.0383752697761401
.01444040572148162
-.005734132449403609
.0019598567898950134
-.0009873757986797356
.00012783448116550009
-.00030870144105518346
-.00015345857365279582
-.00022496129919627114
-.00021077414839743014
-.00023033079825055328
-.00023809123238087947
-.000251832994641793
-.00026436036218052857
-.0002801476142420857
-.00029419965095961974
-.0003173027976180907
-.0003247344566469721
-.0003801648468608806
-.0003213528120232633
-.0005699344280452661
-5161984291430881e-20
-.0012467686230281999
.0014327970324472371
-.007814144418742529
.01755815504841345
-.035292972101491515
.05423805480145611
-.09052342076796474
.18622663389133756
-.32326067927576535
.3092084583912356
-.1527225837580045
-.037255082910159054
.30539445729465403
-.5513088365686009
.42951515179917726
-.12140528734281422
.011444892978788795
.001848346984783397
.0017623593167106167
.0015769531714788674
.0014301831271547492
.0013076266713353954
.0012025047372918405
.001111592504307049
.0010321636176252279
.0009622603919285412
.0009002649502388802
.0008449097508990665
.0007951613907839468
.0007501856295148001
.0007092990016181223
.000671939496517413
.000637641097456434
.000606014897916324
.0005767341088655587
.0005495223540617948
.0005241444834559374
.000500399214764225
.0004781133172379144
.00045713690428750113
.0004373396436571919
.0004186076644193109
.0004008410326363102
.00038395166894936335
.00036786162730902995
.00035250166176958864
.0003378100280532585
.00032373147634011477
.00031021640075177496
.0002972201179745155
.00028470225282202066
.00027262621259749927
.0002609587357937414
.00024966950301615054
.00023873080038620126
.00022811722728389126
.0002178054417267773
.00020777393779312925
.000198002850433315
.00018847378374499228
.0001791696594334695
.00017007458266481926
.0001611737229621729
.00015245320813319545
.00014390002952240338
.00013550195711417188
.0001272474632349977
.00011912565375684888
.00011112620587282749
.00010323931161594765
9545562642073162e-20
8776622209447386e-20
8016254365998503e-20
726363695807441e-19
6517977494630792e-20
5778509723341997e-20
50444904306661854e-21
431519643466099e-19
3589921743413823e-20
28679748528885347e-21
2148676161688786e-20
14313554799917552e-21
7153496132045363e-21
