-3.003298015725898917545147021327404649432845068380171131575448825292083249377462388288984705423966464227571813984147436198326670981669887995094213470203e-110
1.1467137878226159792026296923894469493191894842199275674736865297381516319676389867714373501373702432302800215337246679503289060027428574495764938659896e-110
-4.378361735322714975468913745067435154356639342012595662462850102167719952162371548890491099870053344260420788452710280769339548750996275870966816420826e-111
1.6717381171232193166647943191509083537231430848913154074376134357032382554266684383169960115332925830455001469228658169654079138879323662048436655073818e-111
-6.3830000835613712495423285118574044217024414501570583636015158877946870069933539366243569875083645655615813041254179673536972037636775727276904900204921e-112
2.4371454864507197461896284158142301653517357066908205367991579215010792401190947727020101753973415325415107146393602266797604608710891535234349052851305e-112
-9.3054645846298497049427479101952915867408010965888260881737091905669561532333563400912964869624763301908787239382556870214883937485664985796229064271063e-113
3.5529955686770501528706264538320111978716211398554439811060101822902846518715538373371857111828246030349942065664809614942236652012066458845060845713425e-113
-1.3565983080401032129106983362010735967054864194301711026462193158703508469043343551617774679685665497171862348063995656617474140474090896026768349149596e-113
5.1797389943374418364682724018831627045263235541546597663442329964145182672238863433446960425993825873403673891298378618752396275365641720677858394169522e-114
-1.977718525107917331698091091693532247054171216409228450608425456194001170685350443207565841517309283099925306570791778735970680654465471423591721561476e-114
7.5512889140781323750770702975317961495388947281636201374773476487316712872268159078115186990098127979233702634772244842833272113614814903870642168266559e-115
-2.8832194035251870253980353976811789681950514334425669427075945679807827842385762115108637973116978227609563068986424561237116500838920427357379923688366e-115
1.1008655904709754897194826591670717717894228040137040593314520238209253498876243694265972300549538801919417952667135320185482638523068298351973824305088e-115
-4.2033049814372905095549155338773492367844689409840712616293176092749660513421228679190775937484807162279465442421723671681379058011070386488211629865914e-116
1.6048982660189603159686653206661373965930601600141393232327951978744980054263734932450368749003589901599394360841700285611709838659969543665964235099093e-116
-6.1277933753856031019306732598158403234125959929609651733799756824419317007448508979742723925366748896918779756659271423356695292896836201220813825137881e-117
2.3397029292619191326325037286522181638898018446218836465831349378471286216373130607542709149214583216604696289062830831949287439979198106144461024191579e-117
-8.9334111419326935247474198906704956198282872039135494004302570803522725660374923938543573465926321942868774936795944732307891778716993775937911756227712e-118
3.410938843520525914671950390986730334421978945935364768702660694606056806704571788882685436088108081022530221459249176126191536452431638702561364733142e-118
-1.3023584225149707711194285837565857380568263109061578877354029160836567421223415566146385289543532829337340677927083937426629206335238453796512473886798e-118
4.9726417096554757437247695989297540479295605733026330359417593871456649503103336356257495710043709560167578169998540126577476249274016266680995672586151e-119
-1.8986445482998350257616540307217006758040032993135282734034849655891197114117726820782836615588888464960399015711237808813727409063990897787856919545176e-119
7.2493748403664402948044219483130433760944571878319536148264651315166314138723767738313046392656287639246147398259269513123759201600060704512318734495365e-120
-2.7679383266811396537716339302120197851805884448180951290313985307223549646019171341364076815096982127629614693625389669596893575975498382038259147470328e-120
1.0568540109767484108207106114420962838136211051377668122185487213241797062469563833286958945185514534807691919444090389233985922471694954520203797003694e-120
-4.0352122846456352528014907033846296241244883817104613353751266630660435242630576539991088232518686910868596663232009484977073607614395234673772227999338e-121
1.5407659626774060454999942172456814778424889870930168469055682085537035142710058355214725551185337280066635309061441957781532665403217079603502826929571e-121
-5.8824409304283663560118256670979279728755727343699095706868602588464235410179281061186164194239003468321429255346934819397850185137547620830173289202417e-122
2.2465028849088404017875171830467431085020117887346415223193153617907428749910866198815478119430839058121649780838671104506834255627281582739510409075927e-122
-8.5728172269639124081811430260007078688254364296970387529466545154522430463924961205599391431687618981279963592879052415038040115811978154616606309557034e-123
3.2779323177635019281483735267734948054509425408448929336291287296362941396945655252998730491920625333646577471628177789041629353622572898995027842477307e-123
-1.2469907295953096696550956073345913279852862567041588392775448966654472834869711698926152937615281813171416385206927047748989892237214188478681969607385e-123
4.8060846923764371521688988235364842641105804300574893458736985391478069289251771808329349832892792152288864893833597538373504339009111684349155046169262e-124
-1.7914190843080685935771492026677966250172510568947650011609894958980257626606935835323911907146811252841111979433092229442829232379969864772020999037411e-124
7.2633724954400538904068537130097686616564041852414024910735552973394423515613554387352419600104774080875150610772027948192432702833775925419763950642038e-125
-2.3648462544191583804875984786327701088360805381587716100523397169891260210358491249948662702930660246984655504162600578440581740080638519642278272235111e-125
1.2953622461381995959189900309906495622023295681552945031328846069901402165505385097903390360313462543490030820218472810910141984248620938305369614438809e-125
-1.201205482580931348641096109415289757612312471043092253801728998696031276110796092165529440708691201268234953631604073656624158924902893588238657991613e-126
3.9985665676139200505472295341929872683950535688514239647873600410318395399895515854093236805025470216846652341460537205931265711988752906635383332156106e-126
1.7931014130508092058945493788414123354813717809628298571640504909253558267796752965668916620014458548447580260077142774914635885337214866854427785345169e-126
2.4002794553099731001819412008950646135775132952720872049061194267890154903117705524078567475729172815746476199009995868463580651625833458057430340577793e-126
1.9141448503943662725856472712605167234531374749636661932225962001479014166218386347229301364452003275985652212855551294124154891559267784140026222197813e-126
1.8224148774242839117014287724537465084823375097417714904887990829273346012644579567372255640343430466848284682563528945477560753966203137061156138230102e-126
1.5605680174179769902514350647767092530303376686216981315167343031224598286734695159693771738386225853358084572809584933550400589435034862018480717502729e-126
1.3455226374934148923971681788289994891554487436407742181786546415636015952418173597634484437905411646246495974801558768440537806316771411496934302910788e-126
1.0919954380702006326905049755280490020085329282296039268183748696538763470587686263461398438423943375210911511760004645214443734633448793339231198504896e-126
8.3164275496728011149280685165298997964510476887265006123642731578045858904218631726003649711981129205924826002070017276235560247710519209713109454363841e-127
5.61033578010623679848866552597733438030954934134126831794569688150751436720428278074903318392213989721109610811823457319509823483891406879496156981323e-127
2.7569391482296310282542727628083845410766380558301490031395896226271214925544693547960314442786587717515229720932068745106840484229684563928507431068908e-127
