-3.70997710048703103043733110203809957232340535899401150543722677884397431507748323643390334637724924292742692420400435811695457090778382027338793477565715173813001441545882164583235163251352489183497326786057967133181162441305994646140690442281393612607815956398895924180186592570599172491634897075330568e-220
1.41653671109504821162152642077818347255747894619052214214622450100147747484288524674434245469328429427529014709922275494614811549510124026671841048255664452924329539833822836976657401334324072199532190081866524032033404699902976631961899427966229507771141076432754148014382742636919619458390167511622672e-220
-5.40859471509018408073673724297124599636376748307533818525395039537532652715583337864581748186783012215140219577894597170446533514344446015198356467835165276166927967121249962292451718694028883831194165327779118673599527580791661170293270210178468116327037064582270838282663789031301394202280718463770711e-221
2.06509980030716119446311785640720300112323384150670567341298465164319699564259169449202641198708774049501522546033077092483358207362340640602763378596777122881293002992849681920562380447085961840978672056665700506429625887796430169236878956203574260882825907123038560686009380689165761926874673465222403e-221
-7.88492651026370637885917726991841167039751798149273911388568133123240713964024287179831257451848160742584602637501626162200089651893942460807840042782713461580506990412565494474382261478144542125964757405314919382232995387821853533537389760195326717561575864009974413238309266985503181771126702448728e-222
3.01060830391886970829168586669612054915239175186490816030958968435488265347543819907578139590992498547113499289236800256764686644008802379722948384132833972562825764262885109088803014019954634287745071011028449259312104582076516430319114598786021202751398099098407071976230720344113959526934289841443645e-222
-1.14950498876902297952955278546579181127142209755222800478125559913797924082979246472288517948081229171118197549751704141221493147857907848587329854942721584710066033719180562115919984394485046828776507694628143111480836564230716255876153469875865133570624368037118522643179684321663527064804906032064513e-222
4.38901904802717864911283790814211033526781873867915441629853356189459791137659595417394837787819357333708952740314772359479140941814466053287475793468403051993810248876160003393924662580432823168151269565494859851512919207954540641429297286835044444133672794534622679185780920184286848842951951068680822e-223
-1.67580727288310457511581083765426472757558987930836789108580679762735584863442024366930346664598510418576298996807461055022190614563405448246026411294462551335054177940073936863320742434999274292661338510792550205132711754110717460811821027444161936906509207372630071961846048703114971641803545268788055e-223
6.39853686009912655953309592558896112149392348789875560050171209846121528604748797068743427184048418623395892749378428001343403329055280471601624318805586456779595988018050363717346298328515247942180626787756384606424644620394877829254635477164234441018385475426023131066258782812010133211749220511301743e-224
-2.44307771021966650454900026249765855352766988385005801064195004151370183321598255374442781669478118596575389135657927225708234533137454476712585228437559479254676117064018659163918768925303504005830948196535350658734018776051473639973075402752335846594776305506148132837648127147495671238763618429050883e-224
9.32811489356599938100527372953590744786133273327264933668732192907413417178341837470990100251058361615161463796283523313235058426264739275820074522734440302851215112541998006161150585132841515861535094904119979194303907638839747066595522131533607422290329862287259936353476878184521664429398670349619997e-225
-3.56164386845247249092928633309618991238127781651751567586430700946765580564855175345686567317079746729387749456730598994805747532826994035585662438418507237001384715041413894851346451247354954152151039403839096028668484931169930162839736939875833424945032805860269257788039945667415100153064411291841379e-225
1.35990038613639858744572750899965042554641628977514920867873113134255068502264103981566257149352252043463012061674904833124194667768200345518189110414905628823973658083625875471183735592297460667507866873465270027854324262398958790990977073290128688059162915078759155191838428662878003183589325896824111e-225
-5.19234692888443097024732321618813872533307323372049336218593272684338291335240584477256441886340271603268289096120621325588154022206593903353249089476359214921717556807912433489770801155872548758004925482915000861863774061094072570451452694665482674331539471954595752919028968989351576318150338788759485e-226
1.98253246375587364318534159162732123411342129446706935009825255330889730308312034544740038741369699597926374157757295469879316357518434905854301579788059679670165027167836783901290831064663928032826642909487233973079450225851117792044868244728009006577121694766246620738498874555791426958471217250932588e-226
-7.56966940706788118307130425902710872380062801971205604659734055501623515385004472621560815100193111748356215259936294753579061924403216511948466847202556892452573605880430962086432014461821784377653661089312666081538394562169294619421133253263183848652002016144705096207794055530401546394250972583077179e-227
2.89023740997137281535449798971897350742757016541953939697045294819886068194206788485521168844548039991932623251150884208851839849486022749691085061439368830901256263701834901053068118211359340930884524034959257329832772337600990995823868999773559427024803349155571673034458547336413114530465907552393455e-227
-1.10354519289816052949899014162536880796297471534998512417509510357037201932550780170842723209197052082387533157732789895795698001415249648190805969056320177458809308814115478929539638282586702902389483829978193668953104189032814009948804513947169510735097386431176083109257540439290052967214617759805679e-227
4.21353619106570383990523508519741013274742070729993485713872737739329921806426235043599835150088580443538787751744807732620112674175186437415891837972521342089800723717017121337126424027145365022210464720762780103969037884017970306453155882767406527166183895081678067624309867349319583535598045609306577e-228
-1.60880472749781419341836248812908126707610152563616421212040703441600460906173231272950467667418846714222551880310751758496281456240103065062792015774429674617544054707636824749552682121888884307400102877163938977810737987745900514805938538183010991176693375739434380677678303255202217184623934418087215e-228
6.14270895953710873850647494375824524091676972188380729520758921425413444424806291935410397450132658192260612067993862210639185237535319849913583498545463205659311998476075973350539394305284274888306663740894204247792927607749599159410838648651957615734099883914843162018179431916742119232194070747311377e-229
-2.34539796636871424561156317162508259597809455801865542174702304969030660590622670580771324034814287961087882612992341327243277510935483156849310565503598437174536018636545809752412047161373071406379686944439688161456993953376358948521777189105605767608847651777035937722318276010879070137897010034477431e-229
8.95515587158963621051687744800822505059307888760527798048472552478032014638233876259258666922171842013774267270058013883978259310843095525247149876742725589958177715785116952198608902274267185475815978575809446389531284238347903778733098390454384842212509045599714006630041741455180601072510632872537369e-230
-3.41924133278877018947008060010868527615566240629673826264618252128944171472161064702082337973510974514339533856913625534945800439890719750548554072251919197907323236517314520550946777946505110569087589363108476853285747659236425725947642627816794743657736874079979728876615871856177809085922661324202165e-230
1.30552850888298498143403065140454764695344414623969583258167851016897054246365132813667016154428771322579067537519924697293613737182199926481409195204456224656048744601111103288046231913698044450431280132287312692115962106736425888099247428797179257148339575749645274054583917875794717523197869690048297e-230
-4.98474521573503356547539102437746773221413769534556928555828790946235121775427568764826827947079973094155820908578995431583638302824009600859141836739238387037044324515263812216498311266972916881547531271224443847913484008431680950170924311082776621706310320610455413110540511877867979547321114734603224e-231
1.90326635509883099772696618302782756376171773147201205569965450504045158784712314176123179453767577248142623396240069403711866823938513225647133707691712730775761386822084230637205337698729734737642835548080235564507464033939912663685429957142671644425952417150524478238981078762025779006933922589942955e-231
-7.26701699219553653677570240589549586496669191207072039207861909264908527857923052683099807742848887745097366561649770778495621101189779415490460301318288816728034724252568090548928650550174397110096504034507724071416783370618737767592964131481868107819510339792469218834152480722485834618774913981596331e-232
2.77467921520193213222343634077696863389872808814975376921212126026856468827834746315342969055147739891712175083071821401385812399184723279556551954333601324842164447798907500030383211931696274827148048948862512445905089630143598440509765750006598808755345740643813531319790285028129265629536803126798292e-232
-1.05942297307710135957623514927401211045565747284483508676726262607062925898545538990472432488583785231520537366856330737521283888980813814168571656724282072447736254168186544110107448247241353457665270438134345294227530771707199718621861265088164472458797750623969953553909185838542329607261336213673564e-232
4.04506953356711428201820939788757892760546621820409739629369408527037493239781962474848360221976227151617227670411884489120817308041123682806620424686286502612164281569019678040352755846122056162644310345974215637861044169331874763711297868872888419971582236817395589365152503819951925469139393597734684e-233
-1.54448109463471636222528058818065156177758177250357921700961663884568872567451495641386317955986583961521067758669757069796938930358852322787539267924291886794989684415358536187070208114353902794000719250590268734074512223778576183825850862835095339787848864912758510270234649086293934781225457655411051e-233
5.89710963405982611031321670869089990080239774392146449632419987627823665267652385353611807235909516791114947370085676502322715544922920194380744185749197221713747771552784978874969227878668386519893466822827277455128809705350346839705918619636857110189844184145860342519031052241910160629840311537513205e-234
-2.25162367845920633303020393036539718321641536792836711190678471153059504780005206242987477803708999070266783356810495587703203439522593669960750404897225194634395612825289249835249139860056355399321763085889173231867247089525980027391364475520887281844606474196836393968337076586999015862424226721679766e-234
8.59710859048060599882710358034657117220765606501949387771520281758219720750823909678451885375675787204204015033453774146581623354761495507314961850002605026454156409680312652964530064114815827109498081745518114191357079065638551254765352309160592841000858839404272507996373804682751028258686626112885774e-235
-3.28253237091077683593158861499789632754296935435034642612912679738538000275797463060019110357952696429419121647391662328961566311556719220071623082601204982450750435868369172315223641941314732644561975484941817377515619021669450765402009497217144855894089694198408961524510990023256795302913109326791912e-235
1.25333054162047842824874561392397547034648310081487325679208266730857179606770929162182535666879675578825998535004175067827796865665489800392146454478552769848794800641485811387501144047824437336148130523775790289690348610362076326288944007715504536411729281928666500741169441309910416729674859199122225e-235
-4.7854438861872812716582271009252358288935734074544415042148453047432010487335994218301635969854661835601238892537827040136742628568268699887268827301157110265672931668915707452857429896206776410756873194345008378518611024216657691667760103712380034930675223011327038289189356611286425560947783553180228e-236
1.82716948381696193992217250015337524334713352358472695915374079811384656324780495183737427416008474425779544578432001133610795813774831277892236065711938539477053400019906064015821027208588356425254178603393411337743912197194503591574863417032370437906316269553520166126590198503095095811519964567336637e-236
-6.97646530184658195411179265170599268593456338036044542078117740149475908991584614087604318258673472417982662988046253732953595862584344642107222008064145670591895853665492715347645826532975055178403148284798748991055251501664656435805321285681673136603062539360038904716693698237611697213751991091048598e-237
2.6637412970686949262246052617101599444066511830384898647817206596760839584613059366991402428667460827328535674318174430301650923279605852051686316148702559340879019882407901431695192314198918750863134213972842122416629220569335529561845452236504127616966520698318645418318269161405110349452864196737956e-237
-1.01706485888077442811505500276784088475153270442102117261151219309865258430645918594686395735725150977262157376502927017346966783379073647975441873652560293446229013539103696636605076736701609981410543559735572110494642085144765379195001403282573603491915096736573957747887764031502941603044224512729999e-237
3.88333855209022961696161768328274780311609256368340430750034305724492807744948250955451947073071151707423048657823277517731915433134906846720495243674965725897105777601808121275532947013157717303074630985208265236811950469424996980728338424514314918383689132645154576257139139641347322911842453928712194e-238
-1.48272926534354223534913938569344881624754465707919565236910802788859918318269121354966042505950269529439759741468506827394184535742904869434881993835808110737141046362971501231507559747078191826376507260427238870794443697676480574308665960987345098117231097531941800623820275872429020025119403725335777e-238
5.6613299222207974437876158047812279968914211162902480458249516076931835022973806050765450606389130810273852197955372490682495367131813860801900332688853868516404672741788368550289312601490389665102156301443433096060431350880800729450147729179752525337213774289976401232315003795487874702689248625431583e-239
-2.16159869757521375436078003839621012639354673160740873003768167403098906177498518639610439736764438822947276568694247546756773209448675900043152274103699806303714519402586864622805065205870856958490386545141776197615396259917144976288286726337758859020408201819862951201861256215843493523177647368105879e-239
8.25337684528717791676480686672674832808872807733303641737347890802923061441521448258705663645108092202596272927096945836511043150879950591374799205937212765876077217128477804865821204222326394638061110951407664707156791408931620809155404665382246291133287505393288306346048982874880992217383889052091731e-240
-3.15128934092783346916809733703457522123202104502059932572714258853001409141726835897280229847753521162867000683970054681265389767894109837221824619322088921585919774103543362410296530859057819093628176256420245735769622056012921078520119707915340892107741519709559163050310547313738320336608050196201091e-240
1.20321956653607994876583530293749737819464996093820025563696306278528515770157756650081011968942252297945734417694801289620980730043919631642990201286281483572367532634911828411263382569696725445307456519222844004416429085494910015392242961780070051756954365974551573445256082342674894553901570129487352e-240
-4.59411107222868835182137855675433258405799341921069837212187961676625378644084102978659037770444326593816421297327402658056417850682283914030586689674089636436399538182875042813391182870906503286987883728043651199756811997636602990256162981978169392735231390523969587201640997817996546084945061997022669e-241
1.75411513666911595948831580841852113223724285955543303093643730204394532756556469331920001374244574989229630159677214162580342653775786545333724393912305572685382859982890859878974984796445214603644893288227274859876593032107393782715405635305809842191425757530547524030302898065559991764072003532933113e-241
-6.6975305218277313204266687145379851166397789762347687282497701450356919495196051819399398426625263358585726789291038852834042769959940067810434348349780310143519033774658536945787154968509232605468264982059580204835892541947161713568414144934461205746634373884239861265487034816157465961051543943543725e-242
2.55723892651584414580820709170285226872315353700920955579227406752909168861734001249707068898725396388923945228297807864106079073173919126702745113404107088381053983857740156501162424383811368095391209082744974529160723231675626836857444184946549101102608533629202307993540655527328970310480581634793688e-242
-9.76400317397158671567383111789955108058715165322051326202981841213178147039948880737634048698803901220103765723292462460675638350769341272573508326346854265002242485482065951134071165182446271961077816325861130643703567992563558665544097422753833324438997736325416703058093177843444612969746154973556827e-243
3.72807393915077937063877146688723007059223924219092955881139011804062838960196905392005414190439804151476633153145926542264673211086446207386615032928109227690338960544337335309650617075951700309865886004653984522472402395924518798938344803830904188813942886726536762181387175981708821422939369382336467e-243
-1.423446413132314688117019992640563374015190759179000585122514515351683281315489614103650290142025898916491754656548823535404731576285373048260792899017837235724934094484132285662410872362301822107241199962548201555190414588242878636190530573449427462089474428645297167398113313709374823488062272753533e-243
5.43497721375769814500204217514430660156596514385058937739204061575458421478803343402947178749357320680386028416652110943674506297075734438782001957019130472756192447358163681379154896698591374408870668954704244804737611531107242680100183003015303180718323833393168707665872397802891962647339908391233504e-244
-2.07517311800049969171388859944303370259474645859590174349709877830341494584486620948250113643637950775290836537725233371299658103786739245661257554939553897875785884087904976063185180671647308159601760262118948370734647204294970619818502275496807446503117598913216312996297397329113872373832487341906144e-244
7.92338826852610782832120211210090266407987347257912492927136173780208983571075302881858552403690918163970289381533749621243663786304305083839958165684186173518350675404955089383772033949117939772041488644788700754143632574927685069120800325178404637505004599790465328556420213332855085101324546870880922e-245
-3.02529370273125183287553124292264999731078285617578706262153299695314669595168307210322676088339617638802968971511040090934070968546329727598629911550859155411006165074440730284908764859926317957311586115680337721103464751373996779961590979595216821253804789763617863796432920669798169885700255441825494e-245
1.15511214083990871559331591667184292145145803171567854726159099066497245211619447562990377881309356762503238801033282236526868317939548979746730364113993603409970578897351584017054229357746506790709327673343233166108098487340409154373481791282206333417072350123826487971932943817332297432817351608807223e-245
-4.4104281761416862408492851578042609907711557646498944033313792374061706141548464395969084911132221649132640865498209313579559445976124173239667329339464892854755608947584509597751956160281708219233443449747456696052126917630163611121221874238835369993706177314779872974045829368343082696648719233572502e-246
1.68398166523543915560873475018238701221545983757870361882133972439812333479627972372606255518864006412516206587414642517909101140687241634308100133880430170038510675327392098834056766726275881652843872215314530816852813814079767596643494338718164942001601712080213789674547042226406613919584676505651913e-246
-6.42974819645073871997282063135590324932266122466927281635412443335458983521440100165679482865129065723237644881195399269079255443120350571749398367097467170960197247108913024972583436601271761305398649398508272280979773972812901655361735477304631855715739652353227576944921932374044920843235047177099914e-247
2.45499474589848415074293681251425191980101247343813793594702965187332065739960285236670843551149151208574306566897982205174368337273061972106900311184048688591838392140800902145112933471621724391101706775932839024999876515129382236678007317345788353625623175783834725444297242982855607873225040653783994e-247
-9.37361650176330579082912462621553498432607205511444829886354944608387460446835174240478770819230684714988420426944636782652160203206928715998428614950470308295568076445456502725269167297742529193173037550611913968980818253182979120036952267423123682105327534879753323154904739850761502778167966424410408e-248
3.57901701170944682459691140256067743950388014463046484927510520586290600602976480653745710775439322068440371163026492256289141353669415256100141817413396285231422900371750910844705531333020299946137626801567050401101321511528134860522367428949029681000684930199861595070515495801181877855016670258004229e-248
-1.36653396479613591232393107249003158721898977684766701748879922843253004431285845282827245272425712366088096303129376827836515942197489457712102058482104016532838463126535088902729726557951967196983468385172521466408422144049281403511097976423987469603392669371697163502016801120528846579779180977006747e-248
5.2176731900796094589654996570497459263718741691010695549050416768990728050110627889864655994679975635304839186526089649927488233532319146942167558713567130605332531727536158059859493229898901278679051794030621101354091573630160288903989070281040242622321342614499715827796823946121095494803572180070915e-249
-1.99220441859034045341235747947222823244387906561570529365470267105429873716339483922963567804950518119694017317888763870264496874060795263976821000773585901901108562917724419127387654769247482118643365907930370669618176113380800877815301362816671374071543770199774936109988206947039168125267334123660276e-249
7.60657964619455571101264886378233425730932299764059519114332704205710573043919081056998400577613283710130864558843274117578497131217033739922743342157777575942116021621375730203617027583960521098800685074263867315493701972206264531651110747053545785295056597407540122123962007027559173884712274071144119e-250
-2.90434919633640203638255951884832127793833514982617362008469494263071366232320562551009339245890181238768228908051726621983914063491292453470139145908516690761214331860561868791359732582838309870310058497620511078416367552530401455494008003728176399083699463768327996902793880394172330834822282886107005e-250
1.10891482242994047676560613469657760533269095016727611774428107525938926717074898863634182664842939282746376229734716584736879797314684893196464313281712195910337686987059630741840716982019996318830604255876373482879945145445616315307094247193667685096316189178407678423839984782865414067414560407282263e-250
-4.2342204068031572081817485269020103506148593075630392150993515466304557914612202367275400790966909359602663640471698755807235821992186452569185656135937750475020834280097199294157999587670408592860535274203089487600690223686068395091123474315380719675605944183780991631573626987442540972100705684115157e-251
1.61652393317665666414277707659493588586182936723477395595671703295234402458061521820246060498637448334552324156320638217334150035835603025831141860254935226999482206463123959588730222945433019054612938828494433868177372923289830635827104444153496193475966740345017002195788123076039545739503710061465255e-251
-6.17392791611267159877643212601188912202653557099836952956292804216233618384067326987390650622729463506317747366001405336361511736877532959763104330172197326745107070925483327137723603615451975221105910611933998525858261534547074852506648252868265675286236706892296633868372842220415010206093681427085166e-252
2.35561668084570698591331169287598236485696053383621011161644398559789140709701792255574060688130296457518104280195435800651243300272672160238491503985903025843252546915355518775073027550099735683325393765005858599953831987634759741209564696825603512309791696378240326908478428059998586613363804190313842e-252
-9.01072398136234931588370110671443552787544280577142725449991541515965676009439034921715941159736226255925684403517523878035222835633619540229278018182578719354150552398860908194528830615145456194864173941213169549313173135040562678634869437923250884394221619127116232482643629403901555713123523014338195e-253
3.42437066172160026439032602053621304623987275733489589667558664295465658391656255003878038134335242090501972943527884574906640694552610669641850967797103491823185286314111768075324675943886859194824139528162631603482278264643708258540944855838196130903325773223641504618824025466139713447967794584370019e-253
-1.32310313168677433255086531002135855082420048840660035194457788147499522719057893182210854384465895533619681876588652894423492690387464202899058581704602343453591529944561661132901738243010391000142532841807760144909390794870328260033406525548491182498413529294082084847124096102555585487247788395705149e-253
4.90068905188015698339451354909600043012875323964856537713200959143003083321261080500215537674149367919075231711673597116527103548506695450155301829096099443947787924101968073710278609603286245752684253252810077232815670626423238868086463771064383275014917259793594225676632428596741947266726161158402187e-254
-2.01733784723922935724417553955784229856383393176845807832016015351103618764327354056880099016813830150388335278594129639926467689398094460873427550786401106233243077407713820953733267015285742000180297364431572999838012933345627455044784958803239551066209791453884838732812683812100242009255076078546631e-254
6.2953798642665546399295847374767090613315167342953658930366514816638218146207545052507298286223755551010528110686798467763152094443220536492449275232281170530461806124338714822185398315661166578217028623906332746798620138466883971997383848603379529457202803659665111642435942783744229633972363928837706e-255
-3.75664068492174750494711012853667152693764010135252040572261390449250677802044030816571133490277771382850935924883084515582892932197057850554228839406897604480807955356059398452756929366580459886126607088127729396234109161089520726709762638104151622837689369906279624300303444917997781055851695713424163e-255
1.42285957403417983828004432884356647434882034491131288505662554563082244262012611057338309877945737661389005370489256712189259390885349192997955954760274892874299594938805973118366450600476003293990779027765181961809356272990311668718960965438794300095010375996170734294209885473802501930483032898337745e-256
-1.28557265195588822762226131676088640190250022259814062174857036646222202005217098577608811177977992108037583865979991584973290418039687964369442206576335386581698679855986851430430875218301426660737792740165860453007564368840537543526948416611410943213762878195276008335884980585772042664975404792072105e-255
-6.72381255790931968635407332668403637283976403072649845382766727824944511415281179965916260402176624302401531259821312938193042840854392531638539568241060139423611838376249066060317180598330052739376466235735254235216523030851901042241390008433173561737957132496937331319693598276944804129076510883755134e-256
-8.3721888611370209604760131503630897918652014881163329343973776757391853416603071605593734591164753607464867288051324421027303230007908725142311574197440313175993347799771300220216603830104288905285844983345287651515344533280906107346239665381592261386922489047152768767060798428682050233648787738691085e-256
-6.95598626126637259236944778134576426705597651871109565548765669311477990012865351184708865121855938394626260947256414402863133049166599575664920280612518921391619182285406846920782822009727744199832861446131340008529712255261908064333315668264572106374751179569579388252336395960872641171342758664931721e-256
-6.70964882616703791332782241121472676642858177737680434213824551707916242966475416580747054583978901699582674375877330178536637084897599009249982761954180696416781928210091214623010840510703543509417962619737617725904359335615139909107238050098072255447878234472444011089128922628971386675455190598519271e-256
-6.00227958865394222425616946958044588432249376660401427029650366317090272917536437379655855173479637583303010669014710733860589530711247008465609979557405233215535870922967714617684229645518269907933332417144295616142484226164685863097933324361691243418982047510000428023900438224016907765759687679719476e-256
-5.47492035525442024507706611707940305737875412146391852869586524614211351223793365781173926549047536682691637435841099344632121918004259080059103733378262259831702458577658678719037358601970036535052124523050193008365916268820970411000064532532881407206260873405558836161251129695702163217839579979208065e-256
-4.83390099418412612616665752496026549236103626995070132205369469442558597237685284442759324476535442896570862539786734419776924485959204335671069086533274840061463496940111177846982301190225716800234573255976328620947470594087197315199271483590533159884783863843796447281282843575075662382903867327646078e-256
-4.24631399023876219266199828725788898191819704962783893536362523962794765610769557579726029103921987845243206108537599547824580681305483098012431158330156258727415224419760944239863035857229117426932833862129836641835033528431985051644123451433786235161700031929557517760971455950614272089006487014847807e-256
-3.56507439913039165185724860260108405448126979839517476089178561459446305104701493179531974109998563344648448818513466276539273846031409362074765356164916949609440871863568949025762021249207376937537247794982956031569422947823396542386575203334411474306348119520749892860134782156256714151811919325916865e-256
-2.94587959411529486356776960832652241167860455694842279989015443938404230093707253047396269937566654154578947679273581261687104313607051212606698327345371226657891698183864147645146789220441656210539329933510843568626527992110068778169848954303732338862978350317376746061125236223820525457615068818047307e-256
-2.24351959718025687345043914123123858240711629085033370638697726503073673322013181287047988903557780507132201345979533760817615793766921723276894937812742844222587111510323044648192243155967544769882695912647604708566642313787199660225542576493777499104697499212939864551370920516649017327877399139534187e-256
-1.5921564763396932169521667548552812000146046201848386488648072167724867265645051004376795622265766540395698764588858859542150081171741935181937220328423258067719871068874215682486408376782466875506639453088650263421089142247658142929803499613291525514343332828076171890735116702842258410588038893516406e-256
-7.78690601934269301172974637931917450166681242333961002969840596785022489654431868146599473438210127107156076087494623843192430766438799975583604507821212168480978136983418403120087537565636162801973162519251130227969873886494786490794614653360970426643139626344624979656136104021943220297065532822254673e-257
