-2.33263759550631770092090452835759236132259222028336149622993079121819199620852927998523963921423111801933241622173604982444952556084738547344797135374972073072850220221361869659626004122842500187064355226183370720132518170659144885888181554014574968519322611281217161618306275181104008444118684660153819e-01
8.90643445556957667624345365372898901595898847744556207651428120283309671279620270529336727434860449813434261792599448048681796087681238400752152786311811374540272233746969715309187234702300462927744848762761093910711838953531954892163639776800611592678449515029720143820786490989031294592056736273739729e-02
-3.40063861030838382183840957687834126063888650957012370194181645926354601761309557807018816135268974451077404143053164445786770354179595418276313518553146901914016567620976595426761679586440451291429675044718564795543722033078700883667251196898714448351665526795205621207432131121705639347084345356466984e-02
1.29842565120865564106557456571718484497121121274495632255960264808244484308863649260587282188039143139860497214123003029689871455047000131587450897678732677659180656324265721683674233692988764940470313017330946344763711295231363488210180750161745037161051755939598065853356192582711139337126059819079146e-02
-4.95762521370577608406855743273834213534462463048074232250030101995115303724752113155107219314393121988659414009067488340975133873401577552591927241569448229008125882285885422155519484634340179403415941133916552658771752383544759004310076108599000238709846114793275828421904459049218036086041291168443562e-03
1.89291144523311450482617647431827608804067485891082888677284220761771297785814437431381321568592197816082805142743889943730218227010421634807107247140220642837249115611522571989238545644847828322683514318335575981495579973946068155336471066864714561268588135402844870390088277355118218034521920598461846e-03
-7.22748006361734629115449199285159960888257673402316484040539751999490409727654973524124424716503383689250499707840499356644595298435239344217872297365309100598734684002526513706098525256298402520546964308094096913858969198611741061186819468724496570992190799352701157315935478366015177449803845489991066e-04
2.75958329701753222025898785181606530520971111662702657542751541672532701896013321124164341700876356982814671066399074067815738917688242456778628263468701797411508467687772620667567624580954617452514898945325712796889733495663857299342193141178928329059950914062398315810787184643903802628716805077153153e-04
-1.05365907704305775682615899796613402562552606271213741970868770456785213451204048999616995754798281251123024223537965039130547946003252167295050475821540729101559094289922810563496798422916515770712314536428549376232317172067176343382369066459217972600963663666630237893431964102136456661143074408216085e-04
4.0230619305280387078816979922343299160247358758099792388877166901681626954093374834385997208665267868491008311006733476126741706866886925295161722570906369701690125232930486097479103670229268438139884409515550271900016912294852037564901024923401476426138056254594740380227373863121463349638683131310905e-05
-1.53607819165616023391846650612583505884580824349108298212076455442784393824649009361172579269025361498154996094688376557802678932998572688745583943252855349425965693600728768901994379491260875907455853493345486820288980127412399074035533476895797931197612422693061754139204346794711390427154609684266303e-05
5.86502582268715725677959938702591567922944965696595320446110102599722230964978243358170068704781525190420704039332034352053550537839372518057718495622342907147460431816079784234302473688429397035721473193681880185092845071160006959560031722477186212871486443533071583985751749729479401859182319118324833e-06
-2.23937349593509640713402885686444053206942623265972758715787493719893942727202193380805303673253439493403178578638697809996529386709332772661571901516110393326029230910353358069919857098811092720472743847909533297156966400924841364842765486150615775858941535190624626854453281593850602628156791832007081e-06
8.55033516629764082723901927166422748608326379742805078733006794203231417557860876000194655066775646861235693558764797864364025347963220428698123867984870598791744584929296650675879493960923997868105510458276384396422473791236715864849371494629123654106597277246352987817742956621432636134368205813312797e-07
-3.26467342713182649767308008554452322195906435901798302788966230513961086369143257717693209418659549828577206183187141273358253459066455969889234352431884615347127989643920713872694845862574942940481912610263872245002451694205342450386825546266066192054638160397250209979171822138428330750943122262818343e-07
1.24651167217760648092972148720790886656618820980686624701241651650785141191446943261996034396993686182398351676256539073607585599015491452543435924450313137846010641801202638219004259508415567971874683365681148678984217809848810755724509939437902621864463143529515417882993983179725367809677813640183561e-07
-4.75940820285995201809530022388474294507090043744439839768377215393906879767918984255373497202003884020583076770374522931063132489324025369314586581469696320257476515221452522075155603823412947024382808913843110687136859629877899862365512021685771021205484253595197572479515976572832492287990816451340665e-08
1.81722858654652713418184190366508366993616198520604302457016754968582566679129874242943840123768828911379435782950326631551512598411171255159245386665091433370447991535132473369567222044685325973883319509722969390778787705735211171890549704337307834005024354290607078423802889189341896555427509919237467e-08
-6.93850914863219451233066908672122855793807303442307336654063973516404588553400149871374805334046745286547104234361730856878366264455384025717929198220413495414909367862893845042884003924887405211614818104014207506971104309580346823177372184952973414882630909379416159683398754277607829515667745748872891e-09
2.64924894765956517743534637856628726757635515859790073995188062615350353923926296055915606130533625386881968578634259541526797176482312106039852884018253447726574001506907528112962631951221058566180740782912614579147278541803546803843833276971026547236905116844088907624308672744663865347787717222053214e-09
-1.01153141637910670411167770817985513852915378782828937343617260271304785213118068421636872971123205776634264335054587819470395910555578832118060583587287776063506638553336270406386234800494913778707644591708158476365198328631044143715244982135238152281922142133014016444872747392708035942294942410036631e-09
3.86221086253840741569913306759581052892949628079892306221084084671971660316297430340137452108295138941516865158667348784796946838942386603316954006075293042926230183631684690914594476265600083617177363431508804649230862658433757334903439992681162873017801687191001729614083654909803831194326346937456466e-10
-1.4746623293328464678123962621729458383185349435777706237532301414673896575305039245628223136692922066663740244961375352727456587708222725743129108262359605790541290878907896511794128956373911388716969377152905692922285929769496289693744473554361722219120567338145935925838728480985277311562518293021583e-10
5.6305288938163228771018766373876113826707697845696696543305150854086569380735175939264141552061400390647991077680231753112783147982242735138829611477853872994053020402662358343801097344435080960361416324650659261914876841835162562548187958310604549491579683380681677144014450883671817983080443812706071e-11
-2.14983830491168691671162562518436070974702119047205568619892394119312069513895381109881419668464953904899513867216495550816541054339803888573907033377118050947771040688907742135288993854445033562963341572800458163022593223204056588185411801865826403128566830570263011235001183202776506802550307029143412e-11
8.20847352784462277289893420524937725539771727271148534730498230760482741018788821014998833919930516497607380340642559542247514150604185602278558781697641140318332621051275553224737211839289942445177919253845354257966161923345803961421457168728060419683586343664830036531646944790530576294602695387334012e-12
-3.13414443790431051328868396927703495206094659503529440533462957348726214273273075164151716601777762578472852197889040128093817619644463319196645100684215180384806423616101133182759939379599509105053751143751503123314637071443025249556484190764681945867500569144482489386818682466250219347636650650796639e-12
1.19667333083619128689204297008759516351417960901347604567322210945738088999535402809523398852413072758806081250270278630661781626736339812229754600099211715230352902488595105003315911296595462906696334928788614294112541401551418036598358529463337700872381687017007883443606261401355327697673775311097138e-12
-4.5691163541018212772241640676071815334177766889605449016613911168960553235289440971940930931503647738548584394807731701635348687536786559646106613194090990295697079536762276456575450235512006270689507932380716201007079259401822732037330700616132412142690899703059634398003582289486703244045549726902503e-13
1.74457169883887721494013537126819658548678746305766259881616125275236231333764607476282220924203481277175261146393726027323861161794910901533674205299282341852281718092536496659490343642672107986869713927209121077831463775736237186021682304984900316987533388380791546708878102360898801009648805648080025e-13
-6.66109194102116754795324414484220514458591576803834810457063343744366995110260487324423939064670382211926032946006255715775452204007499285421950149698230642959461743506129323400088488743614716920714221493077579926134689966384062970937239795739931025823931006308617997757022041530922915921461338134856845e-14
2.54332601384444579103669321893975105520553147506918745810835759730733794932624790226784855667576313384162877889774980191498881954607558975362405426433573790046357326027367104652578545685955223008734937150813398627285494204499588567184660383084738675024854181351634418679292009951012511573296712122398613e-14
-9.71088114376970211123101047231541311987566563208235211276611092657830769559538182381009813057600317299464798032119030860947666097899032607368346193590663252687079132159188653061679841971815120397787861295353197778805257141479226710321384307958400129257959309511716026798604639132550074178585952824505164e-15
3.70779098216661353337911308942952137304343596861326171575394824469321312399604340266818032113156975227263155227934545786660265868696824013916926984582913654356112456316780354316334141179619915516329729137146911610623641917067699766144587479413822023347476837951881622651042369052178169838277988802603361e-15
-1.41570201137270698547202499778218088788931191528869992775612683628461584359967136547879275011598812776573050905367321553713760227239079134117928432560981098803544218053249478079311017438525872690998354782404165415391393881403977092772361667376237093330530112484122882151416419182147308749005799919425793e-15
5.40540767978669939907500453698650884466828185837503608577424581767807234373186859446233490941041500100582568720018593344024346874847565103783291382621418014921341564005245404956397353323954756942652911976353144387777129101871875122366084458049676216430243472334798320631042924333140572678681834974784572e-16
-2.06388293228219431601045627775848519523698034592501377290932558007349415566965565116739532921707507384681183161298226456705064500726423055897091905618523617644817693210799179118455961424393475163199807371819259935623837158525546013398952856249793308584644122798792604543711004361551902589676848630920576e-16
7.88028028689565102476719669689603438181392495716823426696509559408274620381574251369249791779630357041243449967407910168047823324930720960108367666869768440370608701688080058698042162690858866689024501015546539038045791490142878578770338018950563602079312644884464056728871018112081031415879484942284848e-17
-3.00883429136015766400202055699666767305622589273696181142710898635665873977561972418517906547135218119970613306410597702765653859130575676308382501330621952879088371147190292640516355521555331625169640931676432945830290626821417749598193270413227302048791102446978260123968896641748847735433737719269583e-17
1.14882763851933292625531693994418220243964988631774810394950158921784184125984013913019845592571643655495793901827412355642958413502553050838267203576613577994962667071283626101576048218779110127922355105325892064397744950641213567884685975483467673655698946500275990955543786634860080084171387989560292e-17
-4.38643280161927117297484649796869568204229956594046784494079332456362750966030424922444527418834040109446561376391576988974461824877489835185245581186956186136092381450966711888885156481263459870203454448439361012254934452814161073063484470951853311632202959158522334251404054915557296845037467549663037e-18
1.67481979698190353877221411740622926041615074335902246748748598049477028738654625180551417264281254319943722523665159047292166063905704602300901065154810658426899455753624332829030388286107643126856145713171811848898418729693206733884910301026438831137267744559704100387711026543852767615890685566339982e-18
-6.39476649756726805713027208464196626704348465646001308575766336384315188245989524584402813116826865300722770186338548552242970368758265274499627531969830414777102915450743930395285539797819287132384496710458793985172288783178559000812182540459627823496996933028291017074112437290438095028590472045891469e-19
2.44163811725295689454064934140875075650751232337116524307843995183183342449470797723681640849006167691988796916204751923553799303978670889843662117711866318472098360862164947132173447361980236432409939968491644115310008262595897857537740173580687037945817402856405048007315695894339453507715043236771627e-19
-9.32261826587492632460975203083341197939231978002721747584217911524064264119029298822753843765812159588908460697940002489590581361230126982708152093669767077192126713110043920142296708250285003578748817675449495116049288962395870256631460838072022828287781543428044332772636068241564795288690928432657799e-20
3.55954515606133550576008713904548457394979482479426598589871114265488427831314143728401111080898935054325911394336529077225741399004919543191986918095281455439614650880913960374926998529482603189584717559336296162511742853142549964047131157342451495529065699583612137976009458618965093208497131553282067e-20
-1.3590990595870553749265787258173668373262852959354889372530008158778239463710474633810398339211007236705241992602511550919468585198505753320890269596708567423349451980213034181349731659255066429909656664203681844583443596887110139472391758448637272557403452540987203823217685598326097411133043907330399e-20
5.18928731842330234062875513493903701524581656342015101996441089234758836944045149790993325337258102358569801174158879685314291934038433951721118056221623965828876212562863668117567702633240871420977433315244555873393628588191458087381445818912587591622734335952227556968512592347569964937936631569085662e-21
-1.98136424885253362096734286970399595127567535996480191335453569652629844839394518586829900136160303478869695531576708327426234020791291621869246506136505223953088707339208010685847783644983907212335558415789166767712617319298070692664946541036121401960461874793363925818110980978912012104602393980498397e-21
7.56520895016421928005712732068798454123439538430934202275260730301892515523543319587244878782859610403222480835463359585699042613524075707940418892557166313302736350066333555011659114128733407169682302076731251248298857466705122607776151795619379192351665500609598707458543396021281136490635789812641215e-22
-2.88853432642633827056726679517177591574403809040927909230792174665354762692289572300934146606930638858488742905893393015174495237394075681048891631812760020675296895334565183307943219306896980537623316700843806623508972160037876922193096078892488440246361351853225947102562804363977014803353681179346972e-22
1.10289492463551097603477459452013262237498645236473705425107821551024893559985388285948676897057781758875066278293990764556256982403710321666604414976732351838053774235614150552406058350724715162007208229243682044548280541785154748042521152270547098898750219798275928385521481806149768609027833734494916e-22
-4.21105334860831463576913936089505183088605237639360414215227253310541386747315149705166707873309558464631382236499465443873531944569152401239023485614730391627493965026823771371156146887867028522371806041934165322446126400948314410946838555478945687419977765348586504795791450909544498466518739468262485e-23
1.60785673310499286093003502870538342633763117901949695246737940311687381686894436513606049834218308263810587466617162377182507454829073438023962655978464672048816016567417445574126949054564103971512977423578955913305022144551245468164933914006795663288411180467340111944099604618392255151293785408122635e-23
-6.13908934458270001446013374596600944599860754759275890100486783953533880810624407323433055189085700592163253811730737746962585756360836074055405394408686121036760047479874915005772214423110174972608426337254674380783658796826583533759268055869891869744236438779338042722503516501308510855664823170200671e-24
2.34401593156794000552114197573247633388011570760286800855812971933297984767093899608383384013484391969468597745723377684127141359274792368695006166785859600936049580290300183648343600190213783338308639331344279803413667805794804433315359510757766411618535171097620072357563414650564230883536172561598299e-24
-8.94987901144122547562617845279672781904839242495154967101173378826659591917543424959957131074031216738001153864324520972248700243888560510329106644038885593151346942828826592564804464512644127394431185424578361987750341389930390844733248069829208201756109991951698763379547168884460075464907970016668659e-25
3.41722653164119518160272268197693243680207075503804819123832991500961403918849325047392381965135382131007238848235205127528299948542246789554530219509764916575154574144751090957413454229898184384067133468676894719976225076113259195796175433709156403982855471099472909297976188708341892574227335371655957e-25
-1.30475922117209270570285775130028328567539739059985728208960948915619391617289268211028497398134382945964953340459124837520444294747057205519300633160997472535642823250901586615024565146396989222717868445850371846482105659828262048438816313054182857951787417145171791286219634771955826776564756139513101e-25
4.98180793538435396722909323223744505319944271645159895101571807427934110989208945359388571357601726511478820200709941411851750581176428409112167960113951270733172840510307892285800118687760679672180355650572264792265473280345623783258137530468071280630354650900955250282868737022050308973781087439756601e-26
-1.90214484805584424203292650685429662756573904224492671522553181445727840267452083788464074198360884688243132721635155294976432221665251623066073894045829052639213863613679424630066789246897137176276170318068560886663030807935213140569712826512775560209577010082004407364890465347398640869587834690828491e-26
7.26273487439504165139844666253457207530298859670406239435964409624491741770152298872168292437028626095353799939158753175235495914929840503310909734371390134692052903151490252280852846833228836335402576390914419182413242529379873312846289998755682934041729051289834731183698157007762031653236992787031221e-27
-2.77304422476901590326122508933134265334707579069036943549405539446174737563875584528489843724352452679546608016591100441004093931145957029240041922675371150605623591927150728011797505348504075102021312942806394512114517506919985568421824714945047611597069238054119849814543990545989277987638054765811243e-27
1.05879870400271516306337685229004579179741373276158302851688923466799721776508113226798412516900437992821198069191710763416614832102155352754717885768923020323259896131666963434529189492694814118672288162630969235791768879549986038970104104362467957206657770882740629780715139461162849748485456372137386e-27
-4.04268596073763971351471161783201688098669661908458942721994897624207911611262513533575713316658444207559024645067500839982784653631685193997614770899857843629503574032417202395220666905735695209502661755482604201501408224683076328105562194460625079945552852618307459704882888716376856867114099471618131e-28
1.54357100319073516334198079952878061838940421502242681850586362877894229546291917000652415041002458064868525884499444602478051026484345040702883898248062403036171599666649714786401059530241324728589200885460529647968035485143555427643124902502988503747110046550953746395739345020819448504486707605308368e-28
-5.89363473945553426003301759801536039651983042619074081820157809340443824211598105560001590578982329484700164831199028714418751209807166995479998167422744392631067363937402334440032118626099971981539126166766867762211825406577285904959548546851030713911851846236009476507590087871832347208871565286374336e-29
2.25029690051938580837624308239292033934208967417149603648826386090302981348681725117204527193691663141431104688450964441322210872807789553187027929881543101069089314143065802998891095730933369356605675760507392345406026602673235740036889051535292498756605700186146173820650374869217078509248481209351371e-29
-8.5920427110740185410729281200529925383487330599835464713896090390283563974142898124035596706807066877485954314087043305663270471681302055104441150936468896447187891379371402045162460672291533765391135319917851921448578379300906416862833797083822004781329446459335735493398845541221334596445914688330191e-30
3.28059812604644344295511797616055603334681649283306740120946955484180859538111622399049424877788063462775810920483539236602758024351682082421450184321199557625736503286584747331701760936556748300958934206702124236919126282178451024439021906704555666735339824076838142669921109159277739753718048483979373e-30
-1.25259201176318749640104495819158513401496041547914756548660003203805796759951870043975309070092404262804462513862100991610201327801053526690906706925577806971933548082741007591917428867002271087401835889480041259776918077757116424795021639048553530187196485727216954648852529702431674299442129101895028e-30
4.78262404491398862262216937339040567948294156561500098337331926581489167129647252821352556670081328997941520415492256597413535523212952167602667469360355515186438117166810193053463571101732112039990142561268554232796765011042813925054328435069812304967288188263051555915707819341046492791761352279837532e-31
-1.82609281714897747409209504853535739152821010185059656017462701755397836098626215816805959820925053130152458307131113100953765322897156706199066105814731278219705501663184594531367643941673775981205301262766391564648018830290915490347725157489373393674834307373080982411077878379645797204732602756569904e-31
6.97235439275064126471511525504441696306475069029300036163699992057046856130700320445363485055479993485349559127260086331290570019308291968303688300369057341680104105840918074901897559043161339504861281699370530174325892387225144434503939393917638809878766515797017564978211251905908177752547480212123933e-32
-2.66217167723206302834536074753296218340398200535164414148649322246648828060497418160954320582036923701196906971784858607509604369395622315247867522228228876563820408961572955328951058657033510871061714306300445963147981515526788106003497935118501956464550646303726851445052778123031167570133070427430901e-32
1.01646554948860588354897162889432496566096500715184690623502216520342614049112711021723931073417435533036946051636188934429899854459831124287461856245529965485111989012698569540637082255162203645266818738059859138861266154099726216479254502773580511109157952307630208517926948026638487689592382737331893e-32
-3.88105027986558610079518616750787020908489609183681726055140391901542024972728471210955350786924482040394402329695881183395730483155552681827864318774358309344872069835570568075963977160795782929033572967754203562836178591077351461617353968226116060806072612808516044476226260537039902648316118199607578e-33
1.48185556140322378386622765614963185394294720493729598100143720797218585530930795596749363644789966022448143183662393181009528366821241337638925796351519172419941630906819480770984183557572502589346627330281819409165392026987480253894812766894104511689420750394421400453987306989357418067462169231915432e-33
-5.65799396172139990010307387656306419284155866875449293691869988198082931659781413756803096033314096092408685141415649797260746777704073364718130805331606985358290408899151118698570202453485605376740856960809715975612810492592148239547374335362251853872941105036100979261066888846301430465767524413129096e-34
2.16032496720271632043491309752323167043099751417948392969144072629160846970174624186742676845928087120039818143851427607605223672802692921581477718928461294002420237558587494070822351046982968142624566011008469505942880094722373764567875123576124051523786791274028556861157207634819348461339782447476397e-34
-8.24851351113764400007236769337819763620638200636062301445398436050958524082923935420097826475243746114802215945766798441287005657172851922025112295651973659036685082195936440136127693878494042940482334515209840474383017084916221201469465734941531312808142051860843966465727375168550054426544856789192729e-35
3.14943243152528190755634644922554737109376514742240690923062286134904296074370087276969730807714238977501819781959955868700337242916783233616406983806268963040941529923118438131578410896563052441242304159356959069675477028735547815289043764986679927432035256416922087147670146423655246436126696476770693e-35
-1.2025105647641976376681490105315401890845184273762275027696856286123047175583513167976579376510959129703880042268663989981853995559696017960681536200441946768480301140209012325756940363046068503272411841915972673283256622157700239313253235712001612473392989194517982655233928387948023172043535568302437e-35
4.59140397455418535870324088005897040479343830314393544968277908149007386492009658844537488900790196526529684159511500595334231051724681125396247405200187951882294481729997432956703758335047936945059443526985970134769849105613368808517907864694338610669009017212599351546604399069132093307801987445535577e-36
-1.75308151755699024952234789493082444942672668614844381957631453330950348745809269828129010164485308568166888616740435394342570182530799624233389551355566189778161876935912616328441913282660059150004112838185228287919995715998423320932101229683062942537466687024169087813215367312371093758267764346535861e-36
6.69358397612505727742177131915261233053344981869489899799044444441301968438993707860991102300992563387493398693050903605032445932252477097265764740163608546630753002468326477939050172923159424794764735095481256666634705188458930108464891050196120324343404211634111977665552201316142002309641491944943444e-37
-2.55573206360710921347250320842591510541146653383722407872592864468464151164896212058728152782762135374257123938165206664741892986268954411372538911156077357419125161279053121208117519728021197555360156392079429660920197571484754118464410557288902297014082255352070690461953892965739224354047818953380294e-37
9.75824969729696431578831382496064513930743260335247025268489479809462981735866133461303798562427234166618449421029422888727551570694240252571012659041924695313295737445667541697955927952007822692391708235474213536907733327842298944221936815372401777288576135348550908649395478225740635289562580701133268e-38
-3.72587715685642156096526723809028275786763890683958769395789569185140908001697635751951613970858085449258179135836589790878812457198519867245873877552904122358922730295679964382086634524012914037882591717509132241117856224771610852189500346182102660070314447245448534920483160216155329918021680909293803e-38
1.42260764094057432516892967912673151763562925907697645489784673260405751713384087763224776697716777532509096658353082864483612935108449134509776398711112423850171937320917905706955934291494344884659064138950642770709448106344254560405337021748357226120263424777929494726083928228004125986655023972795766e-38
-5.4317746089252269101352953061383104310646586542084554645417078018812629174570111595752905515413477592533515566463554321618278260146848525533609452046439699341487728784611058800707705475165469580139674733917994254206336562459322662556470072143138453055805658530581364020417542487792786562600288225912932e-39
2.07395025252918009941800496723951075790354021917526284504885669241869519394817189818814161678603214102871301438326946890840455597490657828312196208619175744917625613330058272494537125139742748782400295892218111373915844848858081593856643781330010888509174410644698826140597779283255356150422693221816992e-39
-7.91871776586581076516484102045364276202588445065536761379796350433193829057589532294263311094988046821687005568069816559927577982118373315173371536089821209444826283398115587070729943139818022490638635427539084823417927305678741540931325272520929909620199045282339388505262254117433511624604205672271175e-40
3.02350680500335061799426978811772862285352898224867384338480234508966980522482057593509201091107034215371141556633770681494684669095840109859913380274319043436067433510530225100773916688208110613288692639743717000251083958405029532799130755432997961678329462294308210422220663466613477517379280511684589e-40
-1.15442040395376779930973827445202598845925100603199475951088924725316607731088226681956291283260925200332748017813461098571993335485518100444840998058455418741372364817165229490206643887060761787655993548128129843028793755957915212463394323701760429976313559324740258003533936619115323847782734805086114e-40
4.40753905043194137336944808636143304418993950138247227147441924156627704696839975398772378730266739453033631652147866093270566070591428402315700562168443808975580907162761816028026312260713269756764299270202985611632823597547069791508032714848565931566439404428321818945973631584996763655093930591672381e-41
-1.68222916288406122776712553888123529390301401915334148967927816925943554272881676669491057279480159990006105939707804249697806445557549226269496250772707662493093099340258732765541178584841076009440279388470731878113927356788999039656449035801585029435003560925540984825305338504384225262282933678359624e-41
6.40604913685942795843415219060524989288715555228334311407293429129137317618681556277059740318129178985484958212584298527447607570662227134171114096778044158637052423057999581978218310917898566023658903668789080297365183634111852591847611208005028967460266875475628427322104537368282982424256152822494242e-42
-2.40140214462672737941339525416409392568577421904153508881482891659689948930360959757863537198082791004900658018117437181602882770106829147780623201858662671551926491524331229706487693440582954010867836204841425428920073358172992437451982388174889777934224400403404539311304454716920763495860063268765362e-42
8.00236433076708056325006208470723740382882060875064347253643219466075854052414623545254165721703931896489348111683385545982908321781073311378912978963156724791496298713234788370732281275469717623525313908292884930375681676283122428823919241946049036776659833153255671173938146725488469047953374772688305e-43
