2.4212743990086715238877299599313953511937644570635002111797729305028931705511e-01
1.558790251612617137244327441865655809127642941927850077269374459465896398318e-01
1.1515719645760017553681634954905146606959299756727103411361979971447782390956e-01
9.1327365766243286855906088404442087384137421105766138733896141806752274858155e-02
7.5668792545500186671833093067320799979377323923049995503945949663042820060712e-02
6.4591314888501192952653496350703106017707401355621031105465816410195315271073e-02
5.6340931363627087757487520909703636463675745686991023854602325780532010270859e-02
4.995803647348920528973278151261818659803507695441454954922860897223055020276e-02
4.4873217729478811012620724775562415369596933847212160493105411589971829706000e-02
4.0727183959483381337878457910421525109256031716752730112543871146213091142754e-02
3.7282020795331454111428509750389191303923038402673154031373059494480237206983e-02
3.4373928018217522449831139963596931594076518335533905916879185522710348808459e-02
3.1886447184643471551848926091062677628471723076012577266808433495312997061956e-02
2.9734512646957508075983632204624929520034271003504498995477925341881582126348e-02
2.7854542991554804565877646222661794031585971313003286344892181311568494838388e-02
2.6198062324266717865570368154251886706078568154362566689892231470662423769189e-02
2.4727466534839115179418693749295371395423939185587619466970884218908139306861e-02
2.3413140112158355974295758110674912662425316432918669953036764128285033539183e-02
2.2231368098862235437230297570365648712884775594180025096073104884841589243013e-02
2.1164713725442932589041718277399008242923200770206394454690148578220466883075e-02
2.0169438031316216866668014880969439388645090025437283028029193615493411452546e-02
1.955899677225212981990531517068179334540095091704175483009150925647979259255e-02
1.6837653040409680930784797696489368993815081641336811260346005762784540498533e-02
2.3791799306630183772956773958458859837740189515066436071981114330320479113431e-02
7.4121267372587405764153445852839481179070718642689365933156388593800519771573e-03
