-9.1205893432466180944560337340193798213956887626983312215356040283044016278039e-02
-4.4120974838738286275567255813434419087235705807214992273062554053410360167755e-02
-2.7699946399542681606040793308091391073264145289871823029237343142665033233687e-02
-1.9783745344867824255205022706669023726973690005344972377214969304358836253079e-02
-1.5240298363590722419075997841770109111531766986040913586963141246048089030147e-02
-1.2331762034575730124269580572373817059215675567455891971457260512881607805425e-02
-1.032573530303957890917914575696303020299092097967564281206434088613465639566e-02
-8.8654929382755005926201596638524016372590406926442739801831557336518027388394e-03
-7.7583612178896100400108541718060056830346451001562605595261673573965913464862e-03
-6.8918636595642377097405897086260939383630159022948889350751764728345279049971e-03
-6.1962400742337632798758380756977652178160920321094546642791144185632410538146e-03
-5.6260719817824775501688600364030684059234816644660940831208144772896511910107e-03
-5.150589852393565485188110945974359408565313961024459770228603541724039974938e-03
-4.7482459737321470964301608988233463420346945137368803148669022443253144255097e-03
-4.4035215245742276921868699063704640329301577192547781712368509464960212911796e-03
-4.1049679787635851647326621487784163242244621486677363404107988323678792610976e-03
-3.8439620365894562491527348221332000331474893858409519616005443525204321221209e-03
-3.6138869148686710527312689163521143646017105941083570739902628987419934874262e-03
-3.409657542163405588410728070659992312756250046845615929567920756184051783039e-03
-3.2255301769960918012021841616253820009792382541838494477488758120234355559627e-03
-3.0863759221721552263552409329840489834479332303766704603428994077624025002486e-03
-2.663225449970092402316907051540428876821271305180467392130712965742429629255e-03
-4.4389427042711701330449895375531841976742800607908483141220793435984382242477e-03
3.3836360413240613239771821217241659601891691069031707658586653507286423786019e-03
-1.2195716399996161384368969140206247960524300684750671249821616042580732336525e-02
