3.4520520049506863910607301937268553440791077978620648491705751652059389044721e-56
-1.3180558522645933495024375752785402977463856313996949974210530741602731885094e-56
5.0325835235167708933867714632923566976109436704420173625888516868737381995425e-57
-1.9215223723664139089219504569098277168033581795056658978060435472543710312519e-57
7.3368470104339986870692229922733352339499651826745008564325231871474806984744e-58
-2.8011886065841048268988918380536178418035851028328455056092111678930213353657e-58
1.0697237107055367233332955376172692619714812868280554448587289015196408471146e-58
-4.0823653904072911338500909010914178762849370958758965446081208491322108753841e-59
1.5609342699336886974469182411741573223133003772637024978786727979459831702295e-59
-5.9361371194920191420807533534036282175394454305506686884725409391522863637077e-60
2.2921577522407022722216566601247514495527828135922509279912490334590550851228e-60
-8.4804911616693498136078196102401655196749795858937711371796363893615966805374e-61
3.5164775134882126118861052886529569823738277814166406373336764865976162422082e-61
-1.0613530541935842540813943930378046952202985220516235012597694963561076659234e-61
6.8297656856278980496874054164470468429372812610864177127990723263027732912787e-62
8.1315856610757150097935270761636331256917316230737759331270287230521099345087e-64
2.5584195194442274320493099938372415139257645504449709015610619189550296220958e-62
1.4770305306674546128755098647064500862189451125066483207227848117802378987322e-62
1.7218945913685979588465659495497760904529619345038889864013564847247014143364e-62
1.4265218228759174411853823802402199550260392548140526548545101222453776895364e-62
1.2809489126696563658444495859727789329143246293083015921936374201813630850793e-62
1.0469151190927912787330752240531799781388803046123409532886480157310790625614e-62
8.0033420090068270877197889434655207107549818455370431016647936413871068340547e-63
5.2879663354614834502239446524984899301041480927800798164802058084314861692559e-63
2.6111752074384791018525141930582348406838993019949667971264015631586509711246e-63
