223521680244258780
-85344641547807890
32586135863708480
-12441979147961412
4750573856494365
-1813855472479665.8
692562998583144.4
-264433144913564.2
100965382603360.98
-38550418812192.24
14719250819200.807
-5620077585512.918
2145847805377.7773
-819323707507.756
312832688321.2656
-119445208267.99324
45606352247.907524
-17413334494.522488
6648727716.225611
-2538605127.875124
969285594.4185057
-370090863.18305653
141307420.62775424
-53953742.2817905
20600519.918589372
-7865652.922494803
3003249.431694172
-1146695.1054581976
437829.1707605758
-167171.00719669234
63829.06087314612
-24370.965111514975
9305.407393752028
-3552.8456894276487
1356.6645435655316
-517.8791483897577
197.8510071135456
-75.42919036413245
28.910926420711444
-10.931328440742165
4.274117722236139
-1.5351084085780906
.6757319156549262
-.18235394342671513
.13359420717389464
.013773721614821618
.09132922058202673
.039903616892301624
.012254061281787182
-.02773497334654283
