-8.48614305985973990766439105733056799496546813452350650256347525786923412303713323491728094447620959490754651150248791883281328140695557941443410335102240916610506477047090356039976219406802002960774199544221813353262747048388286085134141254799224823324025643136199943999786720654949090188483495120512379e-02
-4.03594286990542004914884144949522529147339880576908702200209711455971366668906497189858030726379674221446238116441868702683291881685588061222468753077717744585502529888796769546240840072654417702483985929159476034845501913577253535570368984916567674572162040519568943242718352874163844421915860276870432e-02
-2.50553206439775066102452754095225931846123654542025596899129562238257432599924978916867931478951710931028520254333646080075653650373029768225615751741978279924342066072347750810534222166003821675459722416661524078427483167408723388755906311065018091261396991535251043933000228018707730797209768732572303e-02
-1.77553564826717582451028313592014815810569144014866353512102535453157519355095425796707493706370683842395645608069739256956463402913859296461225137645140099709092953507438114183226483317440897317713208112422365981335574157281791037545764558073631851061857550686295148191533248861252582567515177051715768e-02
-1.35947914291830094393669180558471720498574543654474567249473519940231108996829639094612636397225588950593295213276639225491523551607853299835337743965697971120812863361438252609678853287112589867616364726398354582079215221841094371313799866442397720510620436620404818007385539576545777570439213187595052e-02
-1.10260238719539742680226227374144942690279754618107198305097057444747628486548383348495098386354688706735569438904963009723903496226699687277228958714084287023329843837002299086603306262894040568395713664378490096735928345568876782056649379383523305041730683781104643920212154473178229241038085182640143e-02
-8.43882281917338282800952194531383511855224504944867031523235229196989233082570640815951083787283303849400764882362720786968498274148062221577041069226190053829835409428957332158130020533819372620879933173550398458411668397265774348060161186428316686496150313957918879645132087527810446988319529958709794e-03
-1.22222915962335286415165186531196368639140836598726526959471580741334427277453696466970968015103840796456612082812579922088796115916022676996010736292006906659917898191710865306440443349847465108042753613207711140420541649735560739693404780692351725097924365824883621015992038427448111555401251146636884e-02
8.28169356766237547704066988986741518138551440579311098607106223166962453796033762137312606888473337855248642430114177151031270217001943306606954282316893587834921755442421220877536586325283497797721674887143969992630670032344283379611951504149433252630666830549715252632031574094521502606907373324775583e-03
-2.88833706938148515107341863419358927306111495319659699395813166053636045586013995014467347042169740837321682087421230985679023274594175667380050373280727046016063125360413395184579277678771837819612774203824115682876534482526538432860731127827827557030032849849297923546002085108367423312583194288338837e-02
