3.3333333333333333333333333333333333333333333333333333333333333333333333333333333333333333333333333333333333331208322672905756620698800283213967497314594e-01	3.3333333333333333333333333333333333333333333333333333333333333333333333333333333333333333333333333333333333333333333333333333333333333333333333333333354e-01
2.0000000000000000000000000000000000000000000000000000000000000000000000000000000000000000000000000000000000000811367706708711102796499540982039453326901e-01	2.0000000000000000000000000000000000000000000000000000000000000000000000000000000000000000000000000000000000000000000000000000000000000000000000000000024e-01
1.4285714285714285714285714285714285714285714285714285714285714285714285714285714285714285714285714285714285713975919343152777827113752614397049942123069e-01	1.4285714285714285714285714285714285714285714285714285714285714285714285714285714285714285714285714285714285714285714285714285714285714285714285714285697e-01
1.1111111111111111111111111111111111111111111111111111111111111111111111111111111111111111111111111111111111111229396452816414105108254122499802037673847e-01	1.1111111111111111111111111111111111111111111111111111111111111111111111111111111111111111111111111111111111111111111111111111111111111111111111111111098e-01
9.0909090909090909090909090909090909090909090909090909090909090909090909090909090909090909090909090909090909090457455968034297426381843992785597163436916e-02	9.0909090909090909090909090909090909090909090909090909090909090909090909090909090909090909090909090909090909090909090909090909090909090909090909090909369e-02
7.692307692307692307692307692307692307692307692307692307692307692307692307692307692307692307692307692307692307709551935511671997008041320048975984523483e-02	7.6923076923076923076923076923076923076923076923076923076923076923076923076923076923076923076923076923076923076923076923076923076923076923076923076923171e-02
6.6666666666666666666666666666666666666666666666666666666666666666666666666666666666666666666666666666666666666600825010796925697610220670484515785878903e-02	6.6666666666666666666666666666666666666666666666666666666666666666666666666666666666666666666666666666666666666666666666666666666666666666666666666666952e-02
5.8823529411764705882352941176470588235294117647058823529411764705882352941176470588235294117647058823529411764731021894273259001624101331595412763645638e-02	5.8823529411764705882352941176470588235294117647058823529411764705882352941176470588235294117647058823529411764705882352941176470588235294117647058823242e-02
5.2631578947368421052631578947368421052631578947368421052631578947368421052631578947368421052631578947368421052621980213405261838141627391449408799726114e-02	5.2631578947368421052631578947368421052631578947368421052631578947368421052631578947368421052631578947368421052631578947368421052631578947368421052631482e-02
4.7619047619047619047619047619047619047619047619047619047619047619047619047619047619047619047619047619047619047622712590197188454460786596411705721357537e-02	4.7619047619047619047619047619047619047619047619047619047619047619047619047619047619047619047619047619047619047619047619047619047619047619047619047618989e-02
4.3478260869565217391304347826086956521739130434782608695652173913043478260869565217391304347826086956521739130433383256074906978309128036917126864465004e-02	4.3478260869565217391304347826086956521739130434782608695652173913043478260869565217391304347826086956521739130434782608695652173913043478260869565217577e-02
4.0000000000000000000000000000000000000000000000000000000000000000000000000000000000000000000000000000000000000000534298273374891795639054267369507824177e-02	4.0000000000000000000000000000000000000000000000000000000000000000000000000000000000000000000000000000000000000000000000000000000000000000000000000000293e-02
3.7037037037037037037037037037037037037037037037037037037037037037037037037037037037037037037037037037037037037036833032241747863144530261143166517724996e-02	3.7037037037037037037037037037037037037037037037037037037037037037037037037037037037037037037037037037037037037037037037037037037037037037037037037036788e-02
3.4482758620689655172413793103448275862068965517241379310344827586206896551724137931034482758620689655172413793103526168602087859568453431100723097880104e-02	3.4482758620689655172413793103448275862068965517241379310344827586206896551724137931034482758620689655172413793103448275862068965517241379310344827585996e-02
3.2258064516129032258064516129032258064516129032258064516129032258064516129032258064516129032258064516129032258064486388167886579665911914349640267464295e-02	3.2258064516129032258064516129032258064516129032258064516129032258064516129032258064516129032258064516129032258064516129032258064516129032258064516129328e-02
3.0303030303030303030303030303030303030303030303030303030303030303030303030303030303030303030303030303030303030303041658633062394015531235640204240998797e-02	3.0303030303030303030303030303030303030303030303030303030303030303030303030303030303030303030303030303030303030303030303030303030303030303030303030303327e-02
2.857142857142857142857142857142857142857142857142857142857142857142857142857142857142857142857142857142857142857142423565297171681923556183142199665272e-02	2.8571428571428571428571428571428571428571428571428571428571428571428571428571428571428571428571428571428571428571428571428571428571428571428571428571638e-02
2.7027027027027027027027027027027027027027027027027027027027027027027027027027027027027027027027027027027027027027028682504982575545776493645261072316269e-02	2.7027027027027027027027027027027027027027027027027027027027027027027027027027027027027027027027027027027027027027027027027027027027027027027027027027275e-02
2.5641025641025641025641025641025641025641025641025641025641025641025641025641025641025641025641025641025641025641025008934057271531900911061890884516512e-02	2.5641025641025641025641025641025641025641025641025641025641025641025641025641025641025641025641025641025641025641025641025641025641025641025641025640853e-02
2.4390243902439024390243902439024390243902439024390243902439024390243902439024390243902439024390243902439024390243902680368448747518664556137832969145201e-02	2.4390243902439024390243902439024390243902439024390243902439024390243902439024390243902439024390243902439024390243902439024390243902439024390243902439322e-02
2.3255813953488372093023255813953488372093023255813953488372093023255813953488372093023255813953488372093023255813953396222542649195573509107167556784731e-02	2.3255813953488372093023255813953488372093023255813953488372093023255813953488372093023255813953488372093023255813953488372093023255813953488372093023313e-02
2.2222222222222222222222222222222222222222222222222222222222222222222222222222222222222222222222222222222222222222222257406595221371154020091437913393597e-02	2.2222222222222222222222222222222222222222222222222222222222222222222222222222222222222222222222222222222222222222222222222222222222222222222222222222317e-02
2.1276595744680851063829787234042553191489361702127659574468085106382978723404255319148936170212765957446808510638297858906391411050509091494799249604797e-02	2.1276595744680851063829787234042553191489361702127659574468085106382978723404255319148936170212765957446808510638297872340425531914893617021276595744447e-02
2.0408163265306122448979591836734693877551020408163265306122448979591836734693877551020408163265306122448979591836734699006908694203782353381909185728619e-02	2.0408163265306122448979591836734693877551020408163265306122448979591836734693877551020408163265306122448979591836734693877551020408163265306122448979305e-02
1.9607843137254901960784313725490196078431372549019607843137254901960784313725490196078431372549019607843137254901960782355242651438985091353584551004200e-02	1.9607843137254901960784313725490196078431372549019607843137254901960784313725490196078431372549019607843137254901960784313725490196078431372549019607747e-02
1.8867924528301886792452830188679245283018867924528301886792452830188679245283018867924528301886792452830188679245283019615708058611537042058090795222107e-02	1.8867924528301886792452830188679245283018867924528301886792452830188679245283018867924528301886792452830188679245283018867924528301886792452830188679003e-02
1.8181818181818181818181818181818181818181818181818181818181818181818181818181818181818181818181818181818181818181818181532663634269888200675228084724141e-02	1.8181818181818181818181818181818181818181818181818181818181818181818181818181818181818181818181818181818181818181818181818181818181818181818181818182118e-02
1.7543859649122807017543859649122807017543859649122807017543859649122807017543859649122807017543859649122807017543859649231822210414389511959792666949866e-02	1.7543859649122807017543859649122807017543859649122807017543859649122807017543859649122807017543859649122807017543859649122807017543859649122807017544031e-02
1.6949152542372881355932203389830508474576271186440677966101694915254237288135593220338983050847457627118644067796610169449900601204749226903226821076203e-02	1.6949152542372881355932203389830508474576271186440677966101694915254237288135593220338983050847457627118644067796610169491525423728813559322033898305137e-02
1.6393442622950819672131147540983606557377049180327868852459016393442622950819672131147540983606557377049180327868852459032285720901062085868859416781795e-02	1.6393442622950819672131147540983606557377049180327868852459016393442622950819672131147540983606557377049180327868852459016393442622950819672131147541054e-02
1.5873015873015873015873015873015873015873015873015873015873015873015873015873015873015873015873015873015873015873015873009804226048815607603205935975463e-02	1.5873015873015873015873015873015873015873015873015873015873015873015873015873015873015873015873015873015873015873015873015873015873015873015873015872996e-02
1.538461538461538461538461538461538461538461538461538461538461538461538461538461538461538461538461538461538461538461538461770096961103662068279867763585e-02	1.5384615384615384615384615384615384615384615384615384615384615384615384615384615384615384615384615384615384615384615384615384615384615384615384615384634e-02
1.4925373134328358208955223880597014925373134328358208955223880597014925373134328358208955223880597014925373134328358208954338643469061336697586095092546e-02	1.4925373134328358208955223880597014925373134328358208955223880597014925373134328358208955223880597014925373134328358208955223880597014925373134328358355e-02
1.4492753623188405797101449275362318840579710144927536231884057971014492753623188405797101449275362318840579710144927536232221259938412485645577461963728e-02	1.4492753623188405797101449275362318840579710144927536231884057971014492753623188405797101449275362318840579710144927536231884057971014492753623188405859e-02
1.4084507042253521126760563380281690140845070422535211267605633802816901408450704225352112676056338028169014084507042253520997230510277271828244141709465e-02	1.4084507042253521126760563380281690140845070422535211267605633802816901408450704225352112676056338028169014084507042253521126760563380281690140845070293e-02
1.3698630136986301369863013698630136986301369863013698630136986301369863013698630136986301369863013698630136986301369863013747327518650760063515831396593e-02	1.3698630136986301369863013698630136986301369863013698630136986301369863013698630136986301369863013698630136986301369863013698630136986301369863013698496e-02
1.3333333333333333333333333333333333333333333333333333333333333333333333333333333333333333333333333333333333333333333333333314002264629313728096133773995e-02	1.3333333333333333333333333333333333333333333333333333333333333333333333333333333333333333333333333333333333333333333333333333333333333333333333333333635e-02
1.2987012987012987012987012987012987012987012987012987012987012987012987012987012987012987012987012987012987012987012987012993682328818280234648179174863e-02	1.2987012987012987012987012987012987012987012987012987012987012987012987012987012987012987012987012987012987012987012987012987012987012987012987012987053e-02
1.2658227848101265822784810126582278481012658227848101265822784810126582278481012658227848101265822784810126582278481012658224621479176103386795980749131e-02	1.2658227848101265822784810126582278481012658227848101265822784810126582278481012658227848101265822784810126582278481012658227848101265822784810126582085e-02
1.2345679012345679012345679012345679012345679012345679012345679012345679012345679012345679012345679012345679012345679012345679599063214710550980549723631e-02	1.2345679012345679012345679012345679012345679012345679012345679012345679012345679012345679012345679012345679012345679012345679012345679012345679012345596e-02
1.204819277108433734939759036144578313253012048192771084337349397590361445783132530120481927710843373493975903614457831325301121561055669251631245425494e-02	1.2048192771084337349397590361445783132530120481927710843373493975903614457831325301204819277108433734939759036144578313253012048192771084337349397590641e-02
1.1764705882352941176470588235294117647058823529411764705882352941176470588235294117647058823529411764705882352941176470588235042942764374923149217872935e-02	1.1764705882352941176470588235294117647058823529411764705882352941176470588235294117647058823529411764705882352941176470588235294117647058823529411764648e-02
1.1494252873563218390804597701149425287356321839080459770114942528735632183908045977011494252873563218390804597701149425287355890157174547501196537723438e-02	1.1494252873563218390804597701149425287356321839080459770114942528735632183908045977011494252873563218390804597701149425287356321839080459770114942528869e-02
1.1235955056179775280898876404494382022471910112359550561797752808988764044943820224719101123595505617977528089887640449438201929823710000387223782542123e-02	1.1235955056179775280898876404494382022471910112359550561797752808988764044943820224719101123595505617977528089887640449438202247191011235955056179775171e-02
1.0989010989010989010989010989010989010989010989010989010989010989010989010989010989010989010989010989010989010989010989010988699917151424848441338984935e-02	1.0989010989010989010989010989010989010989010989010989010989010989010989010989010989010989010989010989010989010989010989010989010989010989010989010988763e-02
1.0752688172043010752688172043010752688172043010752688172043010752688172043010752688172043010752688172043010752688172043010752429667749058378008154461265e-02	1.0752688172043010752688172043010752688172043010752688172043010752688172043010752688172043010752688172043010752688172043010752688172043010752688172043313e-02
1.0526315789473684210526315789473684210526315789473684210526315789473684210526315789473684210526315789473684210526315789473683990127246766374078537422632e-02	1.0526315789473684210526315789473684210526315789473684210526315789473684210526315789473684210526315789473684210526315789473684210526315789473684210526296e-02
1.0309278350515463917525773195876288659793814432989690721649484536082474226804123711340206185567010309278350515463917525773195706345042227336718134570662e-02	1.0309278350515463917525773195876288659793814432989690721649484536082474226804123711340206185567010309278350515463917525773195876288659793814432989690703e-02
1.0101010101010101010101010101010101010101010101010101010101010101010101010101010101010101010101010101010101010101010101010100893734912343953325644288647e-02	1.0101010101010101010101010101010101010101010101010101010101010101010101010101010101010101010101010101010101010101010101010101010101010101010101010101109e-02
9.9009900990099009900990099009900990099009900990099009900990099009900990099009900990099009900990099009900990099009900990099009335801010763310424528415675e-03	9.9009900990099009900990099009900990099009900990099009900990099009900990099009900990099009900990099009900990099009900990099009900990099009900990099012926e-03
