8.4116176151584397e+17
-3.2117085439695853e+17
1.226288716788387e+17
-4.6821932822829312e+16
1.7877465259625736e+16
-6.825941280948011e+15
2.6062684890892400e+15
-9.9512069583407325e+14
3.7995517477300981e+14
-1.4507379400424009e+14
5.539181225616443e+13
-2.1149601043262727e+13
8.0753022165185449e+12
-3.0832972099433999e+12
1.1772589347057031e+12
-4.4949886597850256e+11
1.7162683973728214e+11
-6.5530247899656319e+10
2.5020640107175106e+10
-9.5533353136222153e+09
3.6476371197640038e+09
-1.3927341729680657e+09
5.3177122970850599e+08
-2.0303992404422286e+08
7.7524334664664745e+07
-2.9600200488243476e+07
1.1301894753108982e+07
-4.3152688819054337e+06
1.6476481442928209e+06
-6.2910199612216605e+05
2.4020260512798792e+05
-9.1713700557887874e+04
3.5017978656259736e+04
-1.3370480666058729e+04
5.1051119690637761e+03
-1.9492057851867989e+03
7.4426040212313512e+02
-2.8415451612951466e+02
1.0851247125336408e+02
-4.1415430062873824e+01
1.582928342550052e+01
-6.0282553008365403
2.3168991971623112
-8.6987002333594754e-01
3.4647041778663379e-01
-1.1836688924549732e-01
5.8707665433582745e-02
-9.3057273140211283e-03
1.6263577554740838e-02
6.1028095732598153e-03
9.5836764453482992e-03
7.8525841612815395e-03
8.1055341428357686e-03
7.5913057094654235e-03
7.3578000413139222e-03
6.9976764532397873e-03
6.6681536061830027e-03
6.2854732059598462e-03
5.9174218609381324e-03
5.4197433571596676e-03
5.0714559105531354e-03
4.3277262137502159e-03
4.0934726164787438e-03
2.2000544504956476e-03
4.9301642123180667e-03
-5.8404350616503287e-03
1.6637082694006988e-02
-3.0513298165786074e-02
6.2419444110033417e-03
1.2464036556518399e-01
-3.4122247645573134e-01
2.5603496289401528e-01
-3.2148215242614508e-01
8.8225443165509398e-02
-2.6375323253049254e-02
5.9495897577803181e-01
-6.2372350584537772e-01
2.6346404804692014e-01
3.0558442716797307e-02
-8.4631729412380252e-01
1.2563206900884394
-1.1156662221965452e-01
-1.5279933506045706e-01
1.374872383969632e-01
2.7872422760788496e-02
3.981869452026654e-02
3.4737020027014509e-02
3.1497692407284728e-02
2.8544016841464792e-02
2.587141989770414e-02
2.3424215738562681e-02
2.1159913232116967e-02
1.9044513261586404e-02
1.7050385710451588e-02
1.5154689873336569e-02
1.3338196547870051e-02
1.158439532957356e-02
9.8788047167213122e-03
8.2084257292820428e-03
6.561295550612023e-03
