8.4116176151584397e+17
-3.2117085439695853e+17
1.226288716788387e+17
-4.6821932822829312e+16
1.7877465259625736e+16
-6.825941280948011e+15
2.6062684890892400e+15
-9.9512069583407325e+14
3.7995517477300975e+14
-1.4507379400424016e+14
5.5391812256164383e+13
-2.1149601043262766e+13
8.0753022165185078e+12
-3.0832972099434346e+12
1.1772589347056709e+12
-4.4949886597853284e+11
1.7162683973725357e+11
-6.5530247899683342e+10
2.5020640107149464e+10
-9.5533353136466064e+09
3.6476371197407479e+09
-1.392734172990288e+09
5.3177122968722939e+08
-2.0303992406463102e+08
7.7524334645056903e+07
-2.96002005071114e+07
1.1301894734927164e+07
-4.3152688994492935e+06
1.6476481273436684e+06
-6.2910201251560869e+05
2.4020258925497203e+05
-9.1713715942503259e+04
3.5017963730886600e+04
-1.3370495158812353e+04
5.1050978845567342e+03
-1.949219483816936e+03
7.442470687898018e+02
-2.8416750314250169e+02
1.0849981302551598e+02
-4.1427775741886173e+01
1.5817235232729434e+01
-6.0400200067188932
2.3054049442887479
-8.8110597839212734e-01
3.3548140679762284e-01
-1.2911957741754032e-01
4.8181349644109028e-02
-1.9615005664536556e-02
6.1625674537308939e-03
-3.7981805257500945e-03
-1.2506141872936638e-04
-1.6712253625279505e-03
-1.2402602496874859e-03
-1.5830062171400261e-03
-1.6512089676949948e-03
-1.8518810688842313e-03
-2.0274985677299906e-03
-2.2615353410486705e-03
-2.4859394835996529e-03
-2.8447194527577713e-03
-3.058625390259806e-03
-3.6722737862497912e-03
-3.7805431315527382e-03
-5.5518835340003792e-03
-2.703423573941377e-03
-1.3359232054131476e-02
9.2296752865996812e-03
-3.7812568238778876e-02
-9.5230019331327131e-04
1.1754816698362358e-01
-3.4821548344873832e-01
2.4913841116987756e-01
-3.2828487351458047e-01
8.1514033769536365e-02
-3.2997839809340679e-02
5.8842302806561353e-01
-6.3017511874860355e-01
2.5709462129532779e-01
2.426913454069668e-02
-8.5252847424802614e-01
1.2501857207632856
-1.1762722828026062e-01
-1.5878735901255281e-01
1.3157007863364956e-01
2.2024469544414282e-02
3.4038347699457239e-02
2.9022734312728948e-02
2.5847974893160597e-02
2.2957424662693793e-02
2.0346558019251004e-02
1.7959734864245736e-02
1.5754507826711395e-02
1.3696919678698682e-02
1.1759380419446241e-02
9.919087779095781e-03
8.1568493976109657e-03
6.4561902013684502e-03
4.8026625847417126e-03
3.1833001011414286e-03
1.5861711725024819e-03
