-3.5072721423026725591327790062704558238452875426512617816656900254593600635303544365545950932597884390844182386920350344149216794214730317076417283044007e-110
1.3391402725155658826970591171082146853339780203560669836322197613684102868198892983055438147011014210470070739450095790890126373747715391886711266441596e-110
-5.1130810405139788942507830561266358038038516136272414212216426712933517117941592601550369660247521104542077711337750431179563050688521979018590744075229e-111
1.9522673063780645695494833682424963529333511493737930000817752919328651675517438063248826392186828302353817228391183830143713623222119099299024954622382e-111
-7.4541115334435206101990981171874768272974773342808668949227108409580230930688441615745499887540946622504152038518465894705248978009459865410562518971265e-112
2.8461153127693425530636329292045766010092143617114422787490727787197924106361778083303487793085185910001067918545680576636090184934419799823552115845472e-112
-1.0866985739664781918797413608292614278064085083801259171739723174883406753361300846822490252171977127743600082548728371331371025526432521254823330167184e-112
4.1492127369628950288386964476927045680298868120175128365469538090597201810827360144859837146104610285605850956397007982161748164134544215881756452370649e-113
-1.5842448632040389886499178250104948098927229023851180328066431446121453922255759825127595468058280185858814848594194910481329827297276636306530229211469e-113
6.0489349322333334757719231390051294343967916343282647126005720514346313689674708446312066434625095280441136485550200546084980930064199225445331105376211e-114
-2.3095933377621073485106501348817046647277835178748882180422208778343525619279189044156309958254812736646822820286140197239403604893408322171524764472783e-114
8.8184472896340459352733337849760898281006085677073861324436157279830204622468317204334322497011610210477400643512644401892684288114823681842937629983027e-115
-3.3670435105909131266151041456657985184089123495909659803850171871663046616536648740872735335684109441105374560415871067659647031383814906567177826629302e-115
1.2855984313128897628502377073036002887061928206069127569545342808974045093972833128653883392965726385935500304297973514226522794614285805295453150480992e-115
-4.9086485559607534343761455131142727285624929546716345083809432812895741277710067559129732640921945906503961127742301017472688959332915125179936304467747e-116
1.8742112667803314405533147523970314115176771389276061748292350049456715121685691589645338280202741253123454269358003502692997500586877598082563803325478e-116
-7.1560793826814924100296317831525134080698728116484759686445672447195176199170188787038059834411207386566945655906183003314343408759183369586203293206176e-117
2.7323212183969253889548533348178672188072134274957532817858591804245539500838887830948817800783520068878774425989058245005012902869165736689973961460713e-117
-1.043249920216201287856912453563941409163539087078170335658176440520077750606068917153032114092834892899697846769877413673273000996881103990933391216979e-117
3.9833178723346614511364763500843799450261072706850590113817591399937510058272740084932699682765163525738071895631441217643076691299969628729246713331242e-118
-1.5209031926751799334976241397204816442928252463678397107954489844381632397621670009009402206551684208997659219811456000130277710431617305901179341875717e-118
5.8070848650523829229878321523554850359918517747326009534879378682283051939537007769761193695200337613451546417239621705831173631400796361563427906486346e-119
-2.2172506390101307674870673810207643580239724684579978829337747363433489158960330420089360392581908233544486581230491519897292150157309637374676446009974e-119
8.4658655194005406306496440516499992220238220480150592607970821726911863257778561311927320563118591984969157370913920791614542005000713591101484892706224e-120
-3.2324219485371471125646367643597700452428993861747140947755496575412092998785913573497083607458640187595704065209752745037291054766529282476534773412321e-120
1.2341968924932198135380285746611568998408169913315693147625137096829393902144353881520323390687869881030293327458948839295520929211961747750666837808554e-120
-4.7123940253068990614399539185590286008695836657273523218142289845806533684493457979350393808327873296998921587845411509509100932774660846168490345269506e-121
1.79927176290847306711681255661588127295097039122904582222375580394044857183505254924561953354212866101502083200987113444922695238789620878329116528943e-121
-6.8700070484402968776773224469971377927819510550274085577406704977606037862083513149131517187069200255775087444816231067303085130034612955678304979655962e-122
2.6230328885248292287029303325641986717346783690568707046262250562759202399933480106958744945183575967415970891009348597824457259181735515540587848879878e-122
-1.001582849061434583284632197096603826234495479391898179348211192769411555975023716042527155891619540974680334288256228924208380110939069396965540485736e-122
3.8236136947278347507112831279738839039007538626992411200877086217951760978987886701704534138464347775959066039345125280486461477445122676472255341136845e-123
-1.4605354792504337481106103722255176620834981992989324580633336794664715422040085434589664978983203478479801491403519092068094289850951429156349063416806e-123
5.5705324040938709783870729095396233262079659177280304403820350425375073476631245166345379393692332766389070650827772568566973277241157219492031179386758e-124
-2.1328933488131796838425744315208936613329500061715475745720544835535121952559392308096766583119064858054294175597815992087747012015090897503544728700262e-124
8.0851268563997628802204517515785935950518060354459134274427277369358354071889258318347347794477414984771745877546757638634301779582660395052972931709166e-125
-3.1444330858294784307598042419743158447294002566017942614229116906026775302344899536255216775633307026005555647957382479184611682589733953860706023126728e-125
1.1446371188047328650970577275951760368464246776352632124450672539134848155355641400588133010220598020756180156903013260229929274501260731085959159871209e-125
-4.9121262718955784900772562737622603424704342892384794434735436656510768205630181173411930187550814279771818216339584056145140943297162728104927444901669e-126
1.3574429350286297189544862035906606635910485648841129540766065966260114000086664738797203953774867492143179204647855187726878563129146066426163034822361e-126
-1.0112321161264378868460735308173602297640384082564593684581572137552035285069632574560898713766528931972592065252327827096054324631744845011650175210398e-126
-7.6309824244705651599625194479330386835004095969691845540969587922842479167812994187224083568401671060245108576847145251464873471343544626195649229347258e-128
-4.0005176559587833850790491986448034649187846085869230480120840804419459918214818639419031707205178144692109093674774952219601179664809743947537473979987e-127
-2.4005587416678796655959173024896682484361925089922725215673208239350818931520434217311525816834636598844126498782343717893523488107054293681708159278505e-127
-2.6237356364625673352040838325863095860351300765323151032004560688049250614526681868874884155629884546852199024508176415454568242850778031545784252101673e-127
-2.1189932935549186861657867956849500120837653577075239136312707023738336424349719730381944713347108547193890244043481156064834666718272785224406388752311e-127
-1.8093554804981985980916303541020277979159447387166222853301140162436384589072909732287814883125968123507013395738638251728348106646219069827028392167403e-127
-1.3854935404266116287890666075520989657441195242419763390869239395059817193977435533376511578271828280702242814549213730657654776765105530103816769582874e-127
-9.6713651652764243814454324342902647885119576547130474265191932612145386194178966809026726818797634966637135515730034690586616011246278224888541750077409e-128
-4.875603757439190677186912792973327985864438210625440348469289944002241601239377291925961914649429745687943334004942084519857738926021768052154377812716e-128
