1.6034356070841186994087240024723e-10
-6.1222086815939077613041811602186e-11
2.3375705875176738723229763876526e-11
-8.9252695159765729643262085348193e-12
3.4078301788274187602512988679775e-12
-1.301171522825014414935072066492e-12
4.968109450786418129314892386393e-13
-1.8969145175729945814437416364557e-13
7.2427645216423053703000028204886e-14
-2.7654191809906001191771708834937e-14
1.0558873236506987556943887153000e-14
-4.0315697812050136226365412122925e-15
1.5393266437151565276717109059975e-15
-5.8774290028133287645259260210889e-16
2.2441092544077589581650529754392e-16
-8.5684171214538416883930676269033e-17
3.2715773632460946702791616513675e-17
-1.2491475027980169086460474268893e-17
4.7694665813730277859488306730221e-18
-1.8210541244364826609846267409693e-18
6.9527246217318745566094806263075e-19
-2.6536522958411083659328772811447e-19
1.0105298002378316142453895751998e-19
-3.7881202245598586774235317740696e-20
1.2623424291456150006257259025411e-20
