4.4250345248891408e+16
-1.6895586367758544e+16
6.451042067689624e+15
-2.463125153117855e+15
9.4046596755409088e+14
-3.5908700579338025e+14
1.3710594766656327e+14
-5.2349543654505984e+13
1.9988007577175012e+13
-7.631784711285002e+12
2.9139541624906367e+12
-1.1126006802236987e+12
4.2481116881268494e+11
-1.6220062809211603e+11
6.1931148907898819e+10
-2.3646438673925007e+10
9.0286402209531879e+09
-3.4472989934548454e+09
1.3162414338645818e+09
-5.0256491111192763e+08
1.9188842060637808e+08
-7.3266487867884114e+07
2.7974477185924605e+07
-1.0681164016438428e+07
4.0782626244638483e+06
-1.5571548202441994e+06
5.9455002228068712e+05
-2.2701000850143851e+05
8.6676548706257832e+04
-3.309468222749533e+04
1.2636151401683466e+04
-4.8247123475098679e+03
1.8421629019800396e+03
-7.0337128411205674e+02
2.6855995065259623e+02
-1.025410666511746e+02
3.9152048892731734e+01
-1.4948958857536958e+01
5.7077895376083259
-2.1793328134095149
8.3211274115747758e-01
-3.1771136979742565e-01
1.2131145023251255e-01
-4.6314894331862311e-02
1.7686510139086842e-02
-6.7497776723046687e-03
2.5783012160744967e-03
-9.7991768986227523e-04
3.6868919361054964e-04
-1.2207652489948373e-04
