4.4250345248891408e+16
-1.6895586367758544e+16
6.451042067689624e+15
-2.463125153117855e+15
9.4046596755409100e+14
-3.5908700579338019e+14
1.3710594766656333e+14
-5.2349543654505922e+13
1.9988007577175062e+13
-7.6317847112849541e+12
2.9139541624906802e+12
-1.1126006802236587e+12
4.2481116881272198e+11
-1.6220062809208154e+11
6.1931148907931076e+10
-2.3646438673894703e+10
9.0286402209817600e+09
-3.4472989934278183e+09
1.3162414338902228e+09
-5.0256491108753741e+08
1.918884206296339e+08
-7.3266487845661893e+07
2.7974477207201201e+07
-1.0681163996030265e+07
4.0782626440716917e+06
-1.5571548013762748e+06
5.9455004046250531e+05
-2.2700999095757885e+05
8.6676565655410377e+04
-3.3094665834052706e+04
1.2636167274699339e+04
-4.8246969628944835e+03
1.8421778273531738e+03
-7.033567913584335e+02
2.6857403515963847e+02
-1.0252736802103762e+02
3.916538222606507e+01
-1.4935971844549945e+01
5.7204477654564272
-2.1669871343971692
8.4416093392856206e-01
-3.0594666391507275e-01
1.3280570310607565e-01
-3.5078939275682508e-02
2.8675521128097792e-02
4.0029104997383325e-03
1.3104617005548214e-02
9.3293606606532631e-03
1.0469699294620494e-02
9.7789135741104261e-03
