5.7728531541839998694381354488263e-01
-2.2041802952338908592400153531872e-01
8.4159611272566741898255131667794e-02
-3.2133669758616392361151959363278e-02
1.2269219362380804356076202667485e-02
-4.6846110292726707541381864718348e-03
1.7886696657222924697618530176662e-03
-6.8294659963942076118179842343543e-04
2.6076142895323338154214121834355e-04
-9.9563454691234563861544827459506e-05
3.8015137245744106201680753607927e-05
-1.451487058473865873155083146026e-05
5.5420414959911242429557734894205e-06
-2.1160522075602474382194747839233e-06
8.0794720652300356732016506429697e-07
-3.0848893339969227115860624159882e-07
1.1778668366170068535147030468456e-07
-4.4973097398103898043286381263489e-08
1.7171546279276033798347817619752e-08
-6.5564085793599401775480015808454e-09
2.5033560030283407950673968390158e-09
-9.5582683751991193993151103182228e-10
3.6495206523487546797710551079551e-10
-1.3934533399877063322504037752302e-10
5.3204582072257878143051688925875e-11
-2.0314476791225735287957014844395e-11
7.7564365930134625681788102613474e-12
-2.9615485173324129775079778503818e-12
1.130773070254194047592685055513e-12
-4.317497177334195418874342121993e-13
1.6484989222548746141924357537715e-13
-6.2942686122458839539598981338171e-14
2.4032661974029722339337526190638e-14
-9.1761072991749355248518596232867e-15
3.5036046051393975736594469584284e-15
-1.3377399401438057254126205195657e-15
5.1077343169041886256739710833223e-16
-1.9502258300682862659632739616269e-16
7.4463168051292142899711610357352e-17
-2.8431391422410970776919636144963e-17
1.0855622139255428787935234353072e-17
-4.1448738023979304177344734216122e-18
1.5825879032683035136189362135417e-18
-6.0426011338226012433902271856148e-19
2.3071560580915901855781580188194e-19
-8.8086457815659993733894280697846e-20
3.3620032971488294958104227001838e-20
-1.2802749348344122724917350167052e-20
4.7992997067998537612128816893734e-21
-1.5993050085212688536529789751722e-21
