3.3333333333333333333333333333333333333333333333333333333333333333333333333333333333333333333333333333333333334070485509318155034230862849982722324718972e-01	3.3333333333333333333333333333333333333333333333333333333333333333333333333333333333333333333333333333333333333333333333333333333333333333333333333333354e-01
1.9999999999999999999999999999999999999999999999999999999999999999999999999999999999999999999999999999999999999718541896442159001298382938835089155943341e-01	2.0000000000000000000000000000000000000000000000000000000000000000000000000000000000000000000000000000000000000000000000000000000000000000000000000000024e-01
1.428571428571428571428571428571428571428571428571428571428571428571428571428571428571428571428571428571428571439318010707273412428634254704718565485004e-01	1.4285714285714285714285714285714285714285714285714285714285714285714285714285714285714285714285714285714285714285714285714285714285714285714285714285697e-01
1.1111111111111111111111111111111111111111111111111111111111111111111111111111111111111111111111111111111111111070078706592430851766082000474230773776276e-01	1.1111111111111111111111111111111111111111111111111111111111111111111111111111111111111111111111111111111111111111111111111111111111111111111111111111098e-01
9.0909090909090909090909090909090909090909090909090909090909090909090909090909090909090909090909090909090909091065760089980416099940687920469833845436487e-02	9.0909090909090909090909090909090909090909090909090909090909090909090909090909090909090909090909090909090909090909090909090909090909090909090909090909369e-02
7.6923076923076923076923076923076923076923076923076923076923076923076923076923076923076923076923076923076923076863257781282748372907035615508610000943101e-02	7.6923076923076923076923076923076923076923076923076923076923076923076923076923076923076923076923076923076923076923076923076923076923076923076923076923171e-02
6.6666666666666666666666666666666666666666666666666666666666666666666666666666666666666666666666666666666666666689506702624443292024013948440386991594327e-02	6.6666666666666666666666666666666666666666666666666666666666666666666666666666666666666666666666666666666666666666666666666666666666666666666666666666952e-02
5.8823529411764705882352941176470588235294117647058823529411764705882352941176470588235294117647058823529411764697161611939117261256854527057246781306538e-02	5.8823529411764705882352941176470588235294117647058823529411764705882352941176470588235294117647058823529411764705882352941176470588235294117647058823242e-02
5.2631578947368421052631578947368421052631578947368421052631578947368421052631578947368421052631578947368421052634908684841935646423521179491312424501773e-02	5.2631578947368421052631578947368421052631578947368421052631578947368421052631578947368421052631578947368421052631578947368421052631578947368421052631482e-02
4.7619047619047619047619047619047619047619047619047619047619047619047619047619047619047619047619047619047619047617776264739551036203526568830962113473561e-02	4.7619047619047619047619047619047619047619047619047619047619047619047619047619047619047619047619047619047619047619047619047619047619047619047619047618989e-02
4.3478260869565217391304347826086956521739130434782608695652173913043478260869565217391304347826086956521739130435268034886006725721747970423074895654693e-02	4.3478260869565217391304347826086956521739130434782608695652173913043478260869565217391304347826086956521739130434782608695652173913043478260869565217577e-02
3.9999999999999999999999999999999999999999999999999999999999999999999999999999999999999999999999999999999999999999814655454593320920271295824282695269475e-02	4.0000000000000000000000000000000000000000000000000000000000000000000000000000000000000000000000000000000000000000000000000000000000000000000000000000293e-02
3.7037037037037037037037037037037037037037037037037037037037037037037037037037037037037037037037037037037037037037107804954375663442348775223424942373306e-02	3.7037037037037037037037037037037037037037037037037037037037037037037037037037037037037037037037037037037037037037037037037037037037037037037037037036788e-02
3.4482758620689655172413793103448275862068965517241379310344827586206896551724137931034482758620689655172413793103421255384541308508063661658180230642427e-02	3.4482758620689655172413793103448275862068965517241379310344827586206896551724137931034482758620689655172413793103448275862068965517241379310344827585996e-02
3.2258064516129032258064516129032258064516129032258064516129032258064516129032258064516129032258064516129032258064526445941861269486955109213139960142442e-02	3.2258064516129032258064516129032258064516129032258064516129032258064516129032258064516129032258064516129032258064516129032258064516129032258064516129328e-02
3.0303030303030303030303030303030303030303030303030303030303030303030303030303030303030303030303030303030303030303026363846638183504235364074487576688146e-02	3.0303030303030303030303030303030303030303030303030303030303030303030303030303030303030303030303030303030303030303030303030303030303030303030303030303327e-02
2.8571428571428571428571428571428571428571428571428571428571428571428571428571428571428571428571428571428571428571430075480518103272667581063887043945989e-02	2.8571428571428571428571428571428571428571428571428571428571428571428571428571428571428571428571428571428571428571428571428571428571428571428571428571638e-02
2.7027027027027027027027027027027027027027027027027027027027027027027027027027027027027027027027027027027027027027026452752649385277902339100572940855467e-02	2.7027027027027027027027027027027027027027027027027027027027027027027027027027027027027027027027027027027027027027027027027027027027027027027027027027275e-02
2.5641025641025641025641025641025641025641025641025641025641025641025641025641025641025641025641025641025641025641025860294041831505148409655992359716816e-02	2.5641025641025641025641025641025641025641025641025641025641025641025641025641025641025641025641025641025641025641025641025641025641025641025641025640853e-02
2.4390243902439024390243902439024390243902439024390243902439024390243902439024390243902439024390243902439024390243902355303730257782331568630190097732841e-02	2.4390243902439024390243902439024390243902439024390243902439024390243902439024390243902439024390243902439024390243902439024390243902439024390243902439322e-02
2.3255813953488372093023255813953488372093023255813953488372093023255813953488372093023255813953488372093023255813953520338165397970893959883063014546527e-02	2.3255813953488372093023255813953488372093023255813953488372093023255813953488372093023255813953488372093023255813953488372093023255813953488372093023313e-02
2.2222222222222222222222222222222222222222222222222222222222222222222222222222222222222222222222222222222222222222222210016996842691303976686110116805129e-02	2.2222222222222222222222222222222222222222222222222222222222222222222222222222222222222222222222222222222222222222222222222222222222222222222222222222317e-02
2.1276595744680851063829787234042553191489361702127659574468085106382978723404255319148936170212765957446808510638297877000604792917915286833680459079934e-02	2.1276595744680851063829787234042553191489361702127659574468085106382978723404255319148936170212765957446808510638297872340425531914893617021276595744447e-02
2.0408163265306122448979591836734693877551020408163265306122448979591836734693877551020408163265306122448979591836734692098212184356570539993124046592028e-02	2.0408163265306122448979591836734693877551020408163265306122448979591836734693877551020408163265306122448979591836734693877551020408163265306122448979305e-02
1.9607843137254901960784313725490196078431372549019607843137254901960784313725490196078431372549019607843137254901960784993111771753399901672798259238261e-02	1.9607843137254901960784313725490196078431372549019607843137254901960784313725490196078431372549019607843137254901960784313725490196078431372549019607747e-02
1.8867924528301886792452830188679245283018867924528301886792452830188679245283018867924528301886792452830188679245283018608524875114610872655849114028281e-02	1.8867924528301886792452830188679245283018867924528301886792452830188679245283018867924528301886792452830188679245283018867924528301886792452830188679003e-02
1.8181818181818181818181818181818181818181818181818181818181818181818181818181818181818181818181818181818181818181818181917227709110823156404004813810939e-02	1.8181818181818181818181818181818181818181818181818181818181818181818181818181818181818181818181818181818181818181818181818181818181818181818181818182118e-02
1.7543859649122807017543859649122807017543859649122807017543859649122807017543859649122807017543859649122807017543859649084991881041956339324930830704778e-02	1.7543859649122807017543859649122807017543859649122807017543859649122807017543859649122807017543859649122807017543859649122807017543859649122807017544031e-02
1.6949152542372881355932203389830508474576271186440677966101694915254237288135593220338983050847457627118644067796610169505966302831548378193338496420661e-02	1.6949152542372881355932203389830508474576271186440677966101694915254237288135593220338983050847457627118644067796610169491525423728813559322033898305137e-02
1.6393442622950819672131147540983606557377049180327868852459016393442622950819672131147540983606557377049180327868852459010882006015869717976778415434575e-02	1.6393442622950819672131147540983606557377049180327868852459016393442622950819672131147540983606557377049180327868852459016393442622950819672131147541054e-02
1.5873015873015873015873015873015873015873015873015873015873015873015873015873015873015873015873015873015873015873015873017979704289271047007572002950338e-02	1.5873015873015873015873015873015873015873015873015873015873015873015873015873015873015873015873015873015873015873015873015873015873015873015873015872996e-02
1.5384615384615384615384615384615384615384615384615384615384615384615384615384615384615384615384615384615384615384615384614582528527345418649057070474067e-02	1.5384615384615384615384615384615384615384615384615384615384615384615384615384615384615384615384615384615384615384615384615384615384615384615384615384634e-02
1.4925373134328358208955223880597014925373134328358208955223880597014925373134328358208955223880597014925373134328358208955532368617285332401372114583722e-02	1.4925373134328358208955223880597014925373134328358208955223880597014925373134328358208955223880597014925373134328358208955223880597014925373134328358355e-02
1.4492753623188405797101449275362318840579710144927536231884057971014492753623188405797101449275362318840579710144927536231768456125402659269660454397117e-02	1.4492753623188405797101449275362318840579710144927536231884057971014492753623188405797101449275362318840579710144927536231884057971014492753623188405859e-02
1.4084507042253521126760563380281690140845070422535211267605633802816901408450704225352112676056338028169014084507042253521173018307421456290707326518877e-02	1.4084507042253521126760563380281690140845070422535211267605633802816901408450704225352112676056338028169014084507042253521126760563380281690140845070293e-02
1.3698630136986301369863013698630136986301369863013698630136986301369863013698630136986301369863013698630136986301369863013683019281223852086412849589531e-02	1.3698630136986301369863013698630136986301369863013698630136986301369863013698630136986301369863013698630136986301369863013698630136986301369863013698496e-02
1.3333333333333333333333333333333333333333333333333333333333333333333333333333333333333333333333333333333333333333333333333341265938921774440038549974952e-02	1.3333333333333333333333333333333333333333333333333333333333333333333333333333333333333333333333333333333333333333333333333333333333333333333333333333635e-02
1.298701298701298701298701298701298701298701298701298701298701298701298701298701298701298701298701298701298701298701298701298587579564723160381880728246e-02	1.2987012987012987012987012987012987012987012987012987012987012987012987012987012987012987012987012987012987012987012987012987012987012987012987012987053e-02
1.2658227848101265822784810126582278481012658227848101265822784810126582278481012658227848101265822784810126582278481012658230076794600592127629889938642e-02	1.2658227848101265822784810126582278481012658227848101265822784810126582278481012658227848101265822784810126582278481012658227848101265822784810126582085e-02
1.2345679012345679012345679012345679012345679012345679012345679012345679012345679012345679012345679012345679012345679012345679857314866534430803829974512e-02	1.2345679012345679012345679012345679012345679012345679012345679012345679012345679012345679012345679012345679012345679012345679012345679012345679012345596e-02
1.2048192771084337349397590361445783132530120481927710843373493975903614457831325301204819277108433734939759036144578313253013307771137023817807245181153e-02	1.2048192771084337349397590361445783132530120481927710843373493975903614457831325301204819277108433734939759036144578313253012048192771084337349397590641e-02
1.1764705882352941176470588235294117647058823529411764705882352941176470588235294117647058823529411764705882352941176470588236282685557499406857712715633e-02	1.1764705882352941176470588235294117647058823529411764705882352941176470588235294117647058823529411764705882352941176470588235294117647058823529411764648e-02
1.1494252873563218390804597701149425287356321839080459770114942528735632183908045977011494252873563218390804597701149425287357290604658581843784581565042e-02	1.1494252873563218390804597701149425287356321839080459770114942528735632183908045977011494252873563218390804597701149425287356321839080459770114942528869e-02
1.1235955056179775280898876404494382022471910112359550561797752808988764044943820224719101123595505617977528089887640449438203098200106951037266224854184e-02	1.1235955056179775280898876404494382022471910112359550561797752808988764044943820224719101123595505617977528089887640449438202247191011235955056179775171e-02
1.0989010989010989010989010989010989010989010989010989010989010989010989010989010989010989010989010989010989010989010989010989766101257115052013115355186e-02	1.0989010989010989010989010989010989010989010989010989010989010989010989010989010989010989010989010989010989010989010989010989010989010989010989010988763e-02
1.0752688172043010752688172043010752688172043010752688172043010752688172043010752688172043010752688172043010752688172043010753338507385176190042613560898e-02	1.0752688172043010752688172043010752688172043010752688172043010752688172043010752688172043010752688172043010752688172043010752688172043010752688172043313e-02
1.0526315789473684210526315789473684210526315789473684210526315789473684210526315789473684210526315789473684210526315789473684741897556020413091621683477e-02	1.0526315789473684210526315789473684210526315789473684210526315789473684210526315789473684210526315789473684210526315789473684210526315789473684210526296e-02
1.0309278350515463917525773195876288659793814432989690721649484536082474226804123711340206185567010309278350515463917525773196293639645042368966694411874e-02	1.0309278350515463917525773195876288659793814432989690721649484536082474226804123711340206185567010309278350515463917525773195876288659793814432989690703e-02
1.0101010101010101010101010101010101010101010101010101010101010101010101010101010101010101010101010101010101010101010101010101291905437219123267087341716e-02	1.0101010101010101010101010101010101010101010101010101010101010101010101010101010101010101010101010101010101010101010101010101010101010101010101010101109e-02
9.9009900990099009900990099009900990099009900990099009900990099009900990099009900990099009900990099009900990099009900990099011433394193115207569543493698e-03	9.9009900990099009900990099009900990099009900990099009900990099009900990099009900990099009900990099009900990099009900990099009900990099009900990099012926e-03
