7.371521759848217008975295166493889913856390865919610399971687123290514778938824744537666389643910583166517863262326478740856880034696847623412438417998994e-111
-2.814581035578409987016170611649108440566588800235247565965485429334978656173323931947871047324620916951625859333961582288393472114849369095724646833016213e-111
1.074658213584484100006282613328999405643558350146871968470485959784214267700652155436620039904120251172751080380759242572155913361255034002911799772978115e-111
-4.103240451868025934502911063688033733484300513910297272845334160454000536461135647272412288885506622350588872775533096304491363935824603096381805895606904e-112
1.566691808895070090315970113789247545276641318630421817963100896399442191527251550472784420522892099855409335010462614501451536710999434208201414713149989e-112
-5.981914179417470401604130756831307597970862166999133414697618598875116583775416236285715103346611447154325093098429935938856792048514653439633625494423723e-113
2.284003595777662535734728177372032492750783036223259992711019643050744531320788517911015758175624535192440625416774197128170566935071372099496687279037391e-113
-8.72074100205920933138076706040027751710613739150046132711841640252164449328141634549832970561258777968721472797691125167376989475165775516814718214679562e-114
3.329737473514593791942232122891371870289686831482530790423308166464100027058603361864061809992680990784804596126304244383094372928368782550118828621246448e-114
-1.271354308068011415521050216656934145219242390989386059171239885471508534942010255912529324900974616588962903255609292105901161584077069949467112794685267e-114
4.854261903545518087044921622053304372830697357732586942737019634559608604299232353374280816818588985887683903553913612611870553756898612952093107335638456e-115
-1.85344545406679079728704175717304730735032793972998273025782132662344969084494155323499151476975599962010925339306560579108994666517006798777391647974345e-115
7.076791733862640531173818638790533615448283513640754158183330545509760642441401466425068780810606371526299328488629814781036768865926831709176979501262869e-116
-2.702047752765700917771765216459694376047942186122572621172459961883523528767601625137564394103484693574221452647023401925946702322008463194579604985719277e-116
1.031690960320497082607695507544401329510795385264592613213372944496684971939327115153184894023589736769613128438798797623644687791326693607800090136910527e-116
-3.939183664846798794938955815453615151414831762755645869383154174581318283863637472489505863167712037010737694009651986106940453268716793697586104141078594e-117
1.504051946674701239009635315615374598220730985184182529777648202043833096396074562798955179444186980967027802864886421169847528662229156153168982876878374e-117
-5.742743776417491246879264540861716749976984392550037411844185976979636536351092829409888911515812568460388973917109273578806015714989746686363490315238937e-118
2.192684008058641227686303513340757899205832219260889982328162452349748664745822037079812142750310571546128063550156453069729746772821507365165822044669924e-118
-8.372065998612010745576005380470643122421983157693738299394964660413640454088177733487202031814935484305025371029741078769718316515963446234306661555730131e-119
3.196607237471508000639469092152334811598043354539756520406185679635905621451357051367986158859277863099307186695493925383716353110519739148422678170280299e-119
-1.220522537953091824553611210541694030434181551186660830354705735766962539447455292997232480617302853801402673688222651641208553249001985074477501915942888e-119
4.660179261003021669812403863334947643547716523696531971105781982945853074755767687063902810224189748408737258275378519096996331029084705189069766091326293e-120
-1.779338836051592725312998402387659381572446642428499016471486685286543817481599868681022975547917187648457548174243471376468121855718958447141745365547145e-120
6.793862815573214703002492396301883568511246293015972026768081223283445241880922197675982403636864180990275150350025866098199067902139159909051117971341977e-121
-2.593996531872759197969810746506583404765437930269295988849802395235688318066768650360496187605641920115273187424240734773544701313571071985372278755405339e-121
9.90458909290049745858229956290254675249155336744739477047148866899518350776427596958681909002615358154406010723315613936763286634427434135038453500302633e-122
-3.781513650190330979787618683923412549596766132050382066912783646712721412330435659090322118007101697982954860516364580680946865025964577951212105259240427e-122
1.444087910273481887130459811571034597514959046031495772517737013079886695643374202697350683500592335474152843109899656574270491655555771812642901197989612e-122
-5.511436607081101695352732106465810699621102779631527407701527305511439228188065273687603215576314568491393373835376645052448575402471370202569817167591292e-123
2.106688416255173991698987077359939381726774410671221516780909523951609905217557057179010916588560200073458890505945695844671296722588630462128023039387852e-123
-8.020868572699659663275449103958893317255443977313268656535726453452925463837465050807553981871781996206280944236716633352487979318635473828303892066865854e-124
3.084880202704070282377862256278153910710933472921044074079877806056207509278955598445410080915228894673967157166944444496565958795396276450901246653060367e-124
-1.156018456118334839627340084511840625180966191817624031885693241113884841146331467959252433143698900793341486025893213082617306614444703256413963927452101e-124
4.625774404117460056648144845417624796026734762405238938102587853957315078253915632074386043140943963375515282077762163211760972598157828265943359950173595e-125
-1.561085576244928345016410886968747292923660478637581005773654793369658832889425819463366736547778442533391607423173326644191366816667678031713399507267535e-125
7.932605588441106705216641351891546361545588585019430275934409753597384143088423378386789242244260272711411696799433636508373713375304724175712966687196665e-126
-1.137191365755409168205704762583778447892014345086771609611225347421810117744561537456985586150356353371665282490663594298837577631568252712685444327224552e-126
2.228693334769342819763356153941085248068220420318480182869995042254762234589478292712411471955783214606198490028343032233218921308076442865780431743064991e-126
8.449691875220851248176285660278039798717783175512195720488752664103535144196031879499013179079254155508431206038957642925913509619210126080360342415697091e-127
1.259578365939480457847590810578141020667626374388059167629106601981840789110560796550880391311132840466976539298180854293360100203775222737723679516744191e-126
9.885679104405833283009512131458238379189468409588258533175222843801358209534662084993864077044360274100496886993505586972890487916047049274343704726678552e-127
9.687655781220736696390364974097288916887146170087532725380286482659086652186103685039391286492198837746873782190579431488225282285725607795523625825907535e-127
8.510090957150822100450788654509812974817164152349564352520066417602284347848659630450335155971440863478893334686418502370503578467399299775874196333792032e-127
7.551122461260410241043659081340142968176956891301725800700541816625796830249874051695240198824763998291643909147016124708565397830528578820339917253303943e-127
6.503353421654373544415175817975037802646640749504754336480803399223760286725086870899223728986412691796193888208832363862348341263506872945249553515687169e-127
5.313712402309394074111572568388081094309793168501420709553641456641599845739183742462320718489192319688224746821444084109232917853791770539523155196423484e-127
4.1735098524855453370472090374976333864030240204266990070661665934947624127523802569102493655801196450954480039719348107819271247607715305053220564638274e-127
2.81804427118113166077240782759949187686183186887264031420096745841084436840451531523449054926013547819450387587148311464634500435431552543948998386323588e-127
1.532404094105306579444482270397877811873144560976171105741283636432759883592493932070021713729284960199657743902147688665905587247591268888894592139146392e-127
