30014825676903604
-11460206167545016
4375715082153551.5
-1670727576822264.2
637914165695773.8
-243567226902022.75
92998395726226.92
-35508478368195.664
13557782649674.773
-5176607920784.85
1976523024299.73
-754672427459.8408
288147654121.0824
-110020013391.63734
42007641476.85241
-16039281291.1192
6124089220.285657
-2338288611.3438616
892801106.1854355
-340887695.05480355
130157119.96258476
-49696354.863702856
18974971.88681216
-7244989.237341198
2766268.645294568
-1056211.6382118254
403280.83270384587
-153979.92981839608
58792.36048820173
-22447.969320699547
8571.064964672747
-3272.566994996654
1249.5463802829395
-477.07933456994374
182.1771831670833
-69.53948349851431
26.570003912434466
-10.126831578931768
3.884226456807957
-1.4658882842695617
.5764660262039467
-.2037390029022426
.0937788246934886
-.020180394879795883
.0229858013399006
.006173616531999085
.012276277458568543
.00964277171407969
.01035723093277285
.009804977379764723
.009747300078995064
.009511079983329385
.009352746819941435
.009173853920357557
.009011493706942044
.008851038192834585
.008697651483873881
.008548959164350839
.00840540078797368
.008266955128477776
.00813192397500649
.008002900897595767
.007877906561300826
.007749569853124661
.007648403158617195
.007501371462214859
.007434819848062618
.007318991633991868
.00708128091717668
.00732536881049989
.006732987319999811
.007011086191953465
.006948691622871933
.006466526648059016
.006905693571169501
.006294301488056509
.006828263323665348
.006055657940585497
.006548973839508089
.005926954204380089
.006373829024168798
.006054341341734663
.005950730660164461
.006119242609467719
.0052713349768239055
.006028423097010792
.005809420987081602
.0055013774018056955
.00561480488011298
.005517760047525116
.005448765844074364
.005398582919140449
.00533877065669858
.005283228498293452
.005228216969092584
.00517437620757809
.005121595195977713
.005069855164771242
.005019128888729418
.004969389883835274
.004920612012176628
.004872769632403204
.004825837681664108
.0047797917289090905
.004734608007842277
.004690263421855694
.004646735678419799
.004604002301679003
.004562045793718724
.004520837525356612
.004480346711224753
.004440702600462713
.004401471701033323
.004362731602072251
.004326562185170264
.004288526636409666
.004249384707039506
.0042171855734092715
.004181107574569966
.004147223602248024
.004113405263122977
.0040783081421047005
.004046976933627762
.004013121730259396
.003983526299712752
.003950058032408948
.003920662483566814
.0038883220173793727
.003860219266378463
.0038297686154597052
.003799703451365816
.003772865712874485
.0037431749291338638
.003716027307832501
.003688605423238157
.0036614438577932166
.0036349668856710637
.0036086759903005247
.00358286099895834
.0035573791139584883
.0035322589553005803
.003507497640754029
.0034830764494478126
.0034589949508375124
.003435243867075222
.0034118168460002636
.0033887073305751323
.003365908875055731
.0033434152624276124
.003321220419166657
.003299318440567924
.003277703573674822
.0032563702166582133
.0032353129118755123
.003214526342446466
.0031940053270663265
.0031737448158790185
.0031537398863981762
.003133985739391743
.0031144776950825055
.003095211189473913
.003076181770755233
.003057385095894913
.0030388169273340413
.003020473129804042
.003002349667263174
.0029844425999399956
.0029667480814844203
.0029492623562180184
.002931981756482791
.0029149027000816515
.002898021687808565
.002881335301063791
.002864840199551205
.0028485331190542616
.0028324108692874754
.002816470331820506
.002800708458071915
.002785122267369917
.0027697088450775614
.0027544653407797722
.0027393889665299933
.0027244769951540815
.0027097267586093307
.002695135646396548
.002680701104023187
.002666420631515674
.0026522917819790316
.0026383121602021956
.0026244794213072303
.0026107912694409083
.0025972454565071496
.0025838397809387565
.0025705720865071935
.0025574402611688975
.0025444422359469734
.0025315759838469222
.002518839518805281
.0025062308946700415
.002493748204211664
