3.3333333333333333333333333333333333333333333333333333336788079901115266073129e-01
1.9999999999999999999999999999999999999999999999999999998680915418216848996307e-01
1.4285714285714285714285714285714285714285714285714285714789365707952906838187e-01
1.1111111111111111111111111111111111111111111111111111110918809257726635413456e-01
9.0909090909090909090909090909090909090909090909090909091643352952302762889861e-02
7.6923076923076923076923076923076923076923076923076923076642745339750049417039e-02
6.6666666666666666666666666666666666666666666666666666666773729059803186517542e-02
5.8823529411764705882352941176470588235294117647058823529370916484464831418593e-02
5.2631578947368421052631578947368421052631578947368421052647208411494032085665e-02
4.7619047619047619047619047619047619047619047619047619047613115547718593988904e-02
4.3478260869565217391304347826086956521739130434782608695654476592047878738238e-02
3.9999999999999999999999999999999999999999999999999999999999160595883199086062e-02
3.7037037037037037037037037037037037037037037037037037037037398668717208793027e-02
3.4482758620689655172413793103448275862068965517241379310344731943576083293115e-02
3.2258064516129032258064516129032258064516129032258064516129111540396662215942e-02
3.030303030303030303030303030303030303030303030303030303030304320316761972228e-02
2.8571428571428571428571428571428571428571428571428571428571466015476401633764e-02
2.7027027027027027027027027027027027027027027027027027027027054319147390194854e-02
2.5641025641025641025641025641025641025641025641025641025641054700465605452743e-02
2.439024390243902439024390243902439024390243902439024390243905053910329814539e-02
2.3255813953488372093023255813953488372093023255813953488372116535087324289063e-02
2.2222222222222222222222222222222222222222222222222222222222242621225347812761e-02
2.1276595744680851063829787234042553191489361702127659574468101133467148400602e-02
2.0408163265306122448979591836734693877551020408163265306122460702115905977376e-02
1.9607843137254901960784313725490196078431372549019607843137260527482568919991e-02
