3.4547465677819327397586870186249610102759629752773671130717190156189792698874e-56
-1.3190845817831510036487063730925130347118280267856989256329275430951714128292e-56
5.0365142223862112391685000006166509314614013608189177609505581697951952314572e-57
-1.9230185338447569766786805187038748749146908575506352706872479663851849385287e-57
7.3426204321185379844926349638607183629390121526187966626861741038939639611604e-58
-2.8033158332687366001144151464053900240597561728234943888839815042421922532139e-58
1.0706239313651984991736758767186728248517341239763537755260462938723517731982e-58
-4.0848221417521522453698581938603903668899835671753543943472552074651070122078e-59
1.5629464125611032625905904265671692055707941762595383669249797293924993134046e-59
-5.9320713290250588467622056534308205634728891959942216599902050538765313994095e-60
2.3026790044004779928786179209192265045699992773903953983058325697691715565324e-60
-8.3940411680091396034770819130994496838933683529305254000157194518796650653888e-61
3.6163168017175668639163310836400558709702493864046295971577696241153191049844e-61
-9.5642630813258190160956224013035763838022458766096378997254081086698128092961e-62
7.9282332146087480732665937260046080152813835418974974696809756512412441795404e-62
1.2900137316691440738763711438268302580696781030048902452183234271760922302492e-62
3.7444047830205887620503335604834052178077488630016718183252149592810387351881e-62
2.7292120363168245719884572388439373042526286234857805252358644214873335649989e-62
2.9059439964427243958803226184362242459056309842046940974345235663899511319266e-62
2.6148859395706905102514730645820387135534863599539980835766102928453788739774e-62
2.3511831510335162867017852502022491413961926105752277507927251747426855138443e-62
2.0399003125590956285461101585456091312530793532746760253079196866844707423994e-62
1.6027084169677268376416012862051176585788303277542095915033123383101754008403e-62
1.1722524069242547192719885218744667537694284701652648139193638541093973675818e-62
5.625521784606309095993711183942423925023932534128878391197467791347916788761e-63
