3.3333333333333333333333333333333333333333333333333333325607307138645105018227e-01
2.0000000000000000000000000000000000000000000000000000002949937327401236238372e-01
1.4285714285714285714285714285714285714285714285714285713159374683648359615436e-01
1.1111111111111111111111111111111111111111111111111111111541168212176366115813e-01
9.090909090909090909090909090909090909090909090909090908926705695492079349044e-02
7.6923076923076923076923076923076923076923076923076923077550038100758051530191e-02
6.6666666666666666666666666666666666666666666666666666666427284879956277986994e-02
5.882352941176470588235294117647058823529411764705882352950316885711021624028e-02
5.2631578947368421052631578947368421052631578947368421052596683607241425414407e-02
4.7619047619047619047619047619047619047619047619047619047632376097724827432354e-02
4.3478260869565217391304347826086956521739130434782608695647090093214190335023e-02
4.0000000000000000000000000000000000000000000000000000000001946560912928653326e-02
3.7037037037037037037037037037037037037037037037037037037036299485767631222039e-02
3.4482758620689655172413793103448275862068965517241379310345114812674409711479e-02
3.2258064516129032258064516129032258064516129032258064516128928233293253489362e-02
3.0303030303030303030303030303030303030303030303030303030303075498350045194318e-02
2.8571428571428571428571428571428571428571428571428571428571416697739080623326e-02
2.7027027027027027027027027027027027027027027027027027027027036734989455715284e-02
2.5641025641025641025641025641025641025641025641025641025641026991453187411139e-02
2.4390243902439024390243902439024390243902439024390243902439028623821994572839e-02
2.3255813953488372093023255813953488372093023255813953488372095973516087909709e-02
2.2222222222222222222222222222222222222222222222222222222222225113491872804712e-02
2.1276595744680851063829787234042553191489361702127659574468087571292886357222e-02
2.0408163265306122448979591836734693877551020408163265306122450744260404029712e-02
1.9607843137254901960784313725490196078431372549019607843137255987855595191648e-02
