1.1106436274887907637675e+20
-4.240639304957201098025e+19
1.6191531891654767828781e+19
-6.1822212677227295346406e+18
2.3604844840395876404922e+18
-9.0127589390602437183008e+17
3.441235231277547601499e+17
-1.3139261792150636296667e+17
5.0168090479120611314819e+16
-1.9155089092027869774719e+16
7.3137612896833684593964e+15
-2.7925270378791043208885e+15
1.0662375962811125588732e+15
-4.0710890039824297702694e+14
1.5544158015205640941024e+14
-5.9350421512603356320262e+13
2.2661070032084917867661e+13
-8.652408557705150458537e+12
3.3036469038510574478656e+12
-1.2613924541976764800586e+12
4.8162257342093101966614e+11
-1.8389225530617366205389e+11
7.0213406571448125512223e+10
-2.6808755236371102467645e+10
1.0236070181159875487981e+10
-3.9083177055337706406935e+09
1.492266760294712426512e+09
-5.6977458120343565378153e+08
2.175502946413117949553e+08
-8.3064657953955412852565e+07
3.171559667332843001941e+07
-1.2109591457089037368846e+07
4.6236621927067227978156e+06
-1.7653982917607493737169e+06
6.7406116594501262054795e+05
-2.5736880881536933960652e+05
9.826809063859457282375e+04
-3.752054369837357681855e+04
1.4326025775741421987394e+04
-5.4699371143753300941806e+03
2.0885214436691277009005e+03
-7.9743546031160862387361e+02
3.0447535757181435229915e+02
-1.1625422743835736032029e+02
4.4387977747199568422478e+01
-1.6948136960166571694688e+01
6.4711068370283530114872
-2.4707862493471262226051
9.4339111071954440076076e-01
-3.6020388150511739877929e-01
1.3753238803918522634253e-01
-5.251236965415324808466e-02
2.005017394267498176542e-02
-7.6555247922787941484597e-03
2.9230144304505137428668e-03
-1.1160645025351503168649e-03
4.2612892148198838224258e-04
-1.6270895164169906010681e-04
6.2119632697594493630404e-05
-2.3724473803656647440433e-05
9.0518527022585477563111e-06
-3.4633162909584880380007e-06
1.3145672471138416159599e-06
-5.1042908296711728843463e-07
1.8559076907339312170926e-07
-8.1071360216719554384578e-08
1.9713568876117605220208e-08
-1.9944792714023652194406e-08
-6.1310087508232059285394e-09
-1.2902449757558533832442e-08
-1.2051429514599780272715e-08
-1.4164765228292944612698e-08
-1.524145926597598993792e-08
-1.6725663183802558394136e-08
-1.8670213968228723715528e-08
-1.9725533758283562198871e-08
-2.0887510383323798241612e-08
-2.1265026794519538780055e-08
-2.5199411624518101577696e-08
-2.342982427117615762055e-08
-2.289348157247715983718e-08
-1.8872707026564788468457e-08
-5.6693512192588181781462e-09
-5.7234712253608212534188e-08
-1.0427464134123465457201e-07
-4.1086665117546118127347e-07
-1.0017602934672582566233e-06
-1.5611494949446775727512e-06
-4.7885105650881838328147e-06
-1.1360541823128228610556e-06
-5.1727373460674595998638e-06
1.8640742865939155458138e-05
7.3582660667258206949916e-06
8.1872000583472367309774e-05
-1.5809405151950266802318e-04
1.9481268723130072033703e-04
-5.9994448280920194538211e-04
1.1236926903598469387415e-03
-1.81406502864583738389e-03
2.0125926659398031270682e-03
