1.1106436274887907637712e+20
-4.2406393049572010980062e+19
1.6191531891654767828922e+19
-6.1822212677227295345312e+18
2.360484484039587640582e+18
-9.0127589390602437175293e+17
3.441235231277547602168e+17
-1.3139261792150636290784e+17
5.0168090479120611367432e+16
-1.9155089092027869727112e+16
7.3137612896833685028763e+15
-2.7925270378791042808876e+15
1.0662375962811125959101e+15
-4.0710890039824294254398e+14
1.5544158015205644166827e+14
-5.9350421512603326017261e+13
2.2661070032084946439087e+13
-8.6524085577051234315112e+12
3.3036469038510830888897e+12
-1.2613924541976520898156e+12
4.8162257342095427548001e+11
-1.8389225530615143983159e+11
7.0213406571469402107992e+10
-2.680875523635069430439e+10
1.0236070181179483331114e+10
-3.9083177055149027161642e+09
1.4922667603128942446947e+09
-5.6977458118589179413266e+08
2.1755029465826094749764e+08
-8.3064657937561970229581e+07
3.1715596689201445892422e+07
-1.2109591441704421984227e+07
4.6236622076320959321407e+06
-1.7653982772679957505293e+06
6.740611800295196628019e+05
-2.5736879511673920262016e+05
9.8268103971927906157058e+04
-3.7520530711360589805559e+04
1.4326038433969270088658e+04
-5.4699247686963177485023e+03
2.0885334918618987852384e+03
-7.974236956057262709326e+02
3.0448685182468791551738e+02
-1.16242991483301180545e+02
4.4398966758188579411479e+01
-1.6937384271994528683945e+01
6.4816331528178266956975
-2.4604769709966107586877
9.5349212082055450177227e-01
-3.5030289140610749778924e-01
1.4724112590326289624529e-01
-4.2988560130343724275774e-02
2.9395968335198346252225e-02
1.5187871343267104389061e-03
1.1932023439459522751662e-02
7.7334930195887434884524e-03
9.1217810953950318610632e-03
8.3842995953668479478031e-03
8.4654809772354096194673e-03
8.2407383361136987242994e-03
8.1391331535152666775622e-03
7.9965366837090415116300e-03
7.8753303152786099054484e-03
7.7514275554131569137128e-03
7.6337733770286153780614e-03
7.5187159211209862873275e-03
7.4074271209762835247993e-03
7.2992501281999867062501e-03
7.1942384733077959402432e-03
7.0921856791105261291151e-03
6.9929949415774784070765e-03
6.896537559372702742391e-03
6.8027058469761081732147e-03
6.7113926703099705591699e-03
6.6224978860774224990912e-03
6.5359279868845423702429e-03
6.451592015715423127301e-03
6.3694054865655621694545e-03
6.2892829766890044129664e-03
6.2111566943993313082303e-03
6.1349464316718017564938e-03
6.0605871878990340419446e-03
5.988018282744589124603e-03
5.9171025286013558595839e-03
5.8478489417329277709804e-03
5.779935954158073093404e-03
5.7132839539922470275835e-03
5.6481563646293491076183e-03
5.5818036682058615365537e-03
5.5237258242707258506994e-03
5.459308136970872430606e-03
5.4240461482713445610742e-03
5.3549518489544263563965e-03
5.3728772915887633736584e-03
5.0775080427213350294028e-03
5.3761598374903680779729e-03
4.5282606453959262595333e-03
6.1998348223395423703684e-03
3.2110605994948661332552e-03
6.9877170440492558633192e-03
