7.44585923454225218513537315702401741933865486823156988473323435166279106139762795328917239197615780936406999785589992730082481763807197373134490759258660924244295647211991609723144454731591207520027479616381504504676331458777655100810458698816490413746257825834368731586545422669012979017378828177907846e-240
-2.84296443500704174341532429567025170513490571700411126321440566813126366810242501747103713026988410167638618049902828266063254753419073886364594619592754831697498457166058894628514739149018833759439336462198949490113415149540385874173508491424339468985144695080576035471039115972856352147138016250954931e-240
1.0854955115481432111222147323309386675175000162104909300396481555002451396257557246825797386163858373306038816621757306264567586420778860961291111880607825245421462102026579651628539084119217864717416971897006701986439602828563835006572714707513750011374720506385398887561885042329979741582650877613948e-240
-4.14461922591109226064845623218274465810557672924912577964366874958443459681769508654463010371419319869790362525787992593155751823296195798280443388876170375347050390126660139666496295605212402884858699177847921879715038081032387919155733827824209605944998049444840123200113621523773744919996796306667291e-241
1.58249097716605340861122876724006876261476927955149560673213277827291576363261842711837902134028386824017884083069202122472646004529642934565092593977232875208913898494088818546753695192838983591372168620352450954557945877123501009120141283731862897305675164223405668326173623873485711951154682888050516e-241
-6.04223827645220392378832772595380897085151553164174785128947546840440918117533749297190935420510390187994491188571309127502232256537519477393943543022530995177021280029620951655394227324577014714543931093548972933971020189922515814319864474650771971887689217274623421619438389165570643916055296072647393e-242
2.3070364328272051345373618385425715102545516952973855882607421574884221222797471830655381842865096642161303935859455443230204287737385232330350655141978638246758755473383568315065506936658787555297074372905079869583010184129156007475008427449801274803421679135814418744786328357178394265869705720721597e-242
-8.8086845617038741500517412301208503196400162369371970809170632036419487496769363325710480341326515454253590752536168812736291844327124657833511471335335813176021910344723553021754114681819682794510255344983133913656431387640923038327466230570162962908106609790854697266744817576813136276451370955498915e-243
3.3633159235596610391106692745487623014164458013624294021852540327597506765028978906893948536344605620478032938184030929301975170199974618487564693005536323540498023800223885043110909125614289272832614605724092964452525571878279536639563958321528217390620119090341624107903132381570511930553493204707643e-243
-1.28417517081368876038770517679085108454464556634460713370505670974502671989663791298196081054174637025975510987309575284820693925307463090344932153772954553096867955422909524113054674744936892102449491744730670514743420815576850177642006137197974194945104387872122256624482706780851128805559516862125818e-243
4.90321428856135708511674549169482133083545283820152724425199630545886345531382352022828728191808726350973042774569862338074392210184881591363479150486488089765059890897222540532861120306135994135794973939161180668293330544661844173430884924251212661354793960938969458038302389031794977940611251024506231e-244
-1.87213636472342725068088208896956450890360932958488507953646943371485024388946368720725417135549973142126058974385796971462592301224232026468945266015220202341978306271961035700592581263272561756715123478928760720544642714222733959542805633314332762225508200219461761734033292679755601149695878757537881e-244
7.1481570289439949571457921948149053809715561504527353514276803794050318694823056081176842799736376725751672928771389266300768589066711208421296584942367888826500539172594955330798672897601407353793210506995988211997748853651430139145772636384300322777012816401898867813695199352521688772123671397239458e-245
-2.72929632014225262000047705111230680511936367122224508985112168631926085436700599052254582270740330972793181259072052487333775665474677798075724137679227128540252038232872646833299546585748935838073441704898924279618488982486876751714455323871328548872270881751324864459745147472826311109953527243587917e-245
1.04209495859976918218267264979475492480664882618197465690659666941409543163180334503801562115421293227791423230206069369108209932042914631874942886809809478922426088070439107789470650898624133631333094673101369406043178612972917381618084990587134274736037517601564294461401336831609693639337644481496303e-245
-3.97890802374457324105409443705706689639548064212880882634407735763979252657451055338562262101473265293423823724736154437885610004856303943733735651420847616661920802068150594740678377215200754641426012571059553943419198695064054065183536463100204712537221114619162353184397008731833190400704439483184534e-246
1.51921942724792796477332165864495762116610532304378213393163510232161196422032878390630590009905970625724406506449455743396463429217663513287049026818311359194806483565321451868718774515178946048641873960718668828715527470555378851238586379583056412072554262277760410504969766288980466107297704483546555e-246
-5.80065599494663404724230125291539715350970781695345829173333644197183881981086453742717794387721121459646964270018830977237511758083727073326560976396100198143845721819252940994022837494881960397388215804070692881001762625759164075242707810669268320294408396712607828904843018053159159240914445483211318e-247
2.21479592534326027265838188912781899300956428411573369214027373033973182764925138911736924282110075334730951959800689595926799238757218505254538758060666362251548060604379675466238112634695917584462572084237918717068409257210854425432061867632155100705685609724604609082491156045226723744070026728394013e-247
-8.45649353312881194938965487730856455024439486868134456649788843476403747247285225803750031672203199734333189708861937529520117087934261490479200702992142404846075121458065158538375762662482922318441008083566420273249009750709617363940130033616073859784252425186219755966006937564244525439983472744235198e-248
3.2288429853764554723487319284855795007816413955026849575988062286633706516096704529338804814670400410084363398690211939767100175745592890793681767241466376898144667633478539983134431788151235883531408288141776186782318458356440020027294063002604199319680020626900163229557115529787242687227962954474565e-248
-1.23283095805282845230934639488497401469365013135064916717793893892160442359799493293754310568216824840789822720013380183193990840052355233464506620998510384599311093229715050478500673724749606914719515077049482657648319726267572402244453449146592395524461738251264075854568047128335896067657339410882542e-248
4.70717274892898137102734498660887829426266109221307835382252880406975570841128004792100473105558044648132678509868818842351075241517616232046823164383743256512442522939040925218210402233381999417791374159004975022018873020370905784328079225742907494485086654978404757153378921474863164800099015009665275e-249
-1.79728414050015651581794031146058073446193584170276589991242174429128777434024724281011861331918167504094722243140527049093184884435862213611321357036110308051510776596661179009675780670691312906107779615034812197104122287905152802337291399155031204323901091806210428658649779871735499459859046192088514e-249
6.86235762736423404552312516156819543158871045368008584839131764321332413236454407720028209784591304755700291334719689289950232783638621706782499827503691491969597308768594031502980071506749751754119153598167297861103834267532090763285535730360682001430521925865575617801472391126257511693081501516222989e-250
-2.62017291226634383225190362388544623197114319281546932650179813605375204583484369686428790773885070922926277109640359944104203621543402117980714234023930874417934820585657771637033557366640438989641499390143728948887011694837065796092853051694765528136854658464225028824662682055636006081440885934680056e-250
1.00042965741078590220281962856361170138981519538992532045998158184516798618188197207760098477039419890768272683968585849479501626219287045177918658751010240844999218062347478779276076591731361729659307009467299197930328117031757213866659623769348863091483306409437632452123564678139734007301682238567052e-250
-3.81982232829572724291872282381505886912407286499484351855848763254552112790330945164207195227796724945344181921112634858618911407341134908453254055808948069269244972378525769484369018070005499503206038461451638253733081161009374963528976261582755484972678782665170350172347318379950786388360803561917368e-251
1.45847761625836932136001279853281900555897845116692583783585095259472928353111824858077217413526877854363977707356614681148109192485376033212662039080375219227753754611678812713212288925870555999451837002534037418959230184334174772873995182136397519473841124674087859164858679915099329889046089402068198e-251
-5.56873271662285736717736069824364734053384525589886532580868491463562351974126692865341718455144282207038047402567401454891173514268056264081279196407153731232841966136608126513925496081883421652918097562375343067815779941580334632998963765131869326335040892222315140057579545743535442827524295010425477e-252
2.12624340089237096422351675942254628126032890302546255219046562188293650974085558874767129815477567762371563859262292798905465797671931292985658005452576136415713475489478823424561181542433402816459612285225538922501879473724125967982762850557148211994169800243766040837631599503959741851877666649395088e-252
-8.11838389431625352567227680381726736940885324509365951780641164693163163404819309334827850799639759544036364238347704959553478718276328101987309426030819401450332228719641486239929399134520262872133947935701371896149556480040803149081154244445093506316653361312505284276950277606027989330381430125294847e-253
3.09974657782991346147539822475145025612217501324376924913380359491618633152235017253530909127097421940499712269190453026899836381685960191865091758065276779226454661263835043913529466611907897653781966702566225168650838781234526395828520869544655593857445929318033597768401251732185959283300465144952593e-253
-1.18353960244407820939358549414080179517486283236367531188955930088890306787177652738581756158767916856525010849423903421065716839747743964752579468589735486579241911108779043305749737955717523924808590520428529070207138930597218470431605439626799249511992995042007597840586098460840975178000838375152623e-253
4.51896939115081372957075387762862613056643633873429249366129093667575638857234689807512945095777803376476659428636607906295705712476872639838386173416449069821107888903510809822854780442259047643748389965859493791719259779628289747675097391796996939727150371305217958591743483394910751748743598422447001e-254
-1.72542467662052952849004398564804978963393770978811831607984877401906564264362236397087039450383802328554575470473701619737156946017308965215029426989109074635349846055404868392859252818349546175581779529917247742847076116489315748327656375403873402915549796145089487200853687148602894307000092555337749e-254
6.58798512892158266994218572551063912111354082576795994965796237003677967695426507719895300271403923382561556059330021357219350433824586266377814271241939774817439210071931698284121088926138576399483499841646026237912294572517395611618705373856029726108435257669141059779306195944270096054886904746487242e-255
-2.51541250376324502051771275651968960316928550922426951685739742816127259786733625584978614629358068495121550350473927822366369528019096682844107567134990867222877274047621415577755581527982736607585548296184063173227906221182049636234317323050346731715264016841116168269000904693935367540363648371427946e-255
9.60430228716382519455131986364751940197334367503306137785670534581108175599150627664818919094951008626130626074540633927696447886222321466032886262187381163167745128527881848014862026819624379998274135161905860943455026538216063910436424878471185047445895862067228160021232648860160301922330566883396116e-256
-3.66709723684946199824893734492463968311000505899143088964675342679315636404264498119825742679261958080319919378283263610864395730448497543497882609341675792931880197553583555561938234411336043613397921696880810323869625658051804220586528186332172753159971597687078147001888019055204731622832037084454633e-256
1.40016439959159894565644631984035061832381089007998524221518999858021269650835219836831175206539294395046208853253268046865233630449678913962193765450999008366379972861609829438868812155267278990481806025725089219950263329723837514824293205998959611817245220853938562380912733207591511694866577401123147e-256
-5.34608225231606130763316885252727895425373617046693988197171684588146043229020811724836975786669069898414467386404293001612687274751037963431579952947274470334165178374001238288379361238847946112472734858621995993882557643555564995197065680473785957506252104511420209719862873858886898753383037458697645e-257
2.04123140609501143720946558303743047654013261248866223213306188548658842311903436263969576004837167064700304027938259985621868369403191578717433301400171663545892056408146056510105559611297105475364691079087234810769773493123280086055720180411056624364788978049813576894718068578337069196704445341458857e-257
-7.79379263481421714708063211003135831392356844205970008378726683354523820777712013603375532825118063649281835280154307048213057826033034874196271508496366346029534464523471950300231558687657379213140207717327234288465412504709051705820455024433626392954821187911636803815861986615297852341472235359323156e-258
2.97581173989365989296287479309069279562656973094116333558469937133887751194714429784023829278091097160347226693614114592823675041242285673202236890456182899116504314260484471482590191066928656430419255621151415274810923860303141286317419560562892442706586452533724066074865527855378993667299584589626683e-258
-1.13621902140344544479318082101271683395333999561114798071372094874785299960639670158114672170249090848417872051796202136481565599189417684700212479134317508665224106406658173404635102554998069155119496062293534910371290365152257573807145695340517890399927606367890091634076983521657846953523676462194734e-258
4.3382908738230867588887558348156026731645295698851436928307355883380887325112807109510248949313107070626946790418709827706674366633783066966287008476111342308682696197823028178938496977591206681205175578705012787322507965159321457528076857969055315425001945354080139580633958330838045554948058450258716e-259
-1.65643826989141474619701714245302407422533063196474729759286778449076396370352753125442629098065144422068219610332266171428680047351900909815873776440794111163588821059899349034834730013783540448161656120217298110634073608671040736891394376835634169449843215730722622734530264956000349353008464578398965e-259
6.3245831063970476878845601944044592116853381934395778047409114671035179065075778326675907549174048992785253725253750516769145393746434190435070375807179032150757664348518993662701292198323877285275493987746925654109228407676413554368016947458326800632252709515668294893425574666223081636376591932775455e-260
-2.41484021593588573378058150259643397791818514979159179978824185955747489148515544393469767987360236298058780800917562745884948510857156256511878581524549325470723935990822749285433079636970921810343945960450921682545362476893313325880252901036681195748511719527487823587064395240618220238342041829499921e-260
9.22030486923810040736841692728199598342415748249877427562853466054027810552775010414811195021549490792869884676914752794260086713802580596591647112170754916226299007508135671962152824407188502194683293910727294783432755763691968028560221004048485601301574301370246479471179704476249689507132627648358574e-261
-3.52047435192499682828073385934687979476968598849655388410441520792770828726640857863213632924294607955584192620399041568214074128569938989437124711349741813427633325310380681879500137640644294236480649359738968192358293740231365842564864171730109108591212624520557495275057394402544347513325726548371981e-261
1.34418659924945840821668746911398319756981363108179020066814404200779393933193352388141337679552747130796955551866801844373229778268845139089877057211418643946363213328124755565700687711887342322501720584226122569790364551051066379076953579215500664215604525021062000147922362695076137862921242533773519e-261
-5.13229568915717693991907098522662458782819520954840587962261884328728234694382588263778006325301463017978076193261324622577288505945855733765493598145688705793538955385379552915876172776163337676158268024287301069457815498665916082724619870531194330695993554227143106384866365572451170612096616494064854e-262
1.95965486099635970323152502252304650262269732569633144381857497872646559565765391976914602018747710687820387978207702870439233200948509865607293824506055444929150286115495846720566599596394531386578591021354942139956870331003546276562247206474403212799374680946547599713333889240510128997794499571125908e-262
-7.48182802360320970589155994294030553215745516079373375558104782638490561470719737609662677291608331560140125406104402456705203598491712785070446454021838556634865086274892703236887813366943852605558149023355498735776666967973781090233786443690294031861549470640720035706670105333932780588949652467968029e-263
2.85716622601511300863905473990251144574354919925154506282571919728837032655357691076992548020790429317585959413319476455933952096806380653528279129520235863895287871785779181615350435964508420911620135809229228750493005622437718517960230429990620854983326280745769611989842894521913489245598119221726912e-263
-1.09047125897011897313865730578602131009720847903082887261533610822966293696607983033911019311403396084983516624741227752295990329742928501313335451381038104542834790981323323932516605424060632118147003507756741383014881329177306057527665520109054914449099358446463034306062490452849726791774474209942068e-263
4.16785599353257399833175802309929186347050607149782517180753557669020324573080578506562852154810177438203746187075799757598245400947602287827002588627356955851339259930344055154301967751520031071788033670905144738769534150258955102081838123238900477932310243506714852250899989130256026040717806532204461e-264
-1.58734573806091538160318187945560716535504709521873315602416301477324812004023560671193121472143200455874229803076079532830930679718825839113951385064746848580272925735138272131980782374192000708218980630051057937103394742193732029460636336942944341211634480184487434331471922348544865741660129316763004e-264
6.09861883835588323165690304858989643560708160336385074049953524305847753030235955464564921190334325401141158559737650869514352089307696770731533441846113661525940254635941615655385906860717764380555592010083893605643542677234276883364126602615179720874563541186500017146869439615182963414042188523480867e-265
-2.29300060413618384457309573096071142036257527341044737944853944682183064746874512456539384974806771188684402121914614207468330760228122392459271567831626246950967074717370686672924625326689974889103086889848265129409788645967026957112019193138532630262987940405263878785620047300060993839585353925197416e-265
9.08771456782512388948593462003678464561227720795953723835083916832443238832739462617112250280084609886442140086273374580025380113896464324681657257777705071238454793864202601327349681104972394529650926901950503003399887204806962093490670548248464176369808401034893592424916632387804062348220228817044476e-266
-3.15973607593511358091954511383970859859784797411972505297013864203415130096438741944158859702829969832332367427408641264977722591755937124051824415137254447159994093771130915721506908184615776441308707734850130564999930988774804332015782469407682559722926368437400502161096584759235509028777437357716198e-266
1.49017421325766017706322313108466784616965524049759150574111644820055285098196716841094163538319763133702517032173616240044242415238864453723731283896683298253062106896687094792344240038321857941836959907096672843721100665108589813494978214020958538311694949213899436878047332184537830697464241490136251e-266
-3.09882283724249747008971547830722396567496868439772482923054339306079944326558601595550033965105180328803466084152415559638359135599502769237140564629046574745132642985686338001295641282644022055129776609975965381575360566320111854066541696859438967817464396614015189662813839941116847468835604195159786e-267
3.48002266154775168224221513057987049021011568351353171853214521152903907760325343599586083553212938825133722531952581151138514355907636847159565399860875128388148606714847823718690317578079132492986777178175112858112460101182862764571970902617985787578440549114373328776652354625674655521402768716517639e-267
7.29612004425984362930571718134911428141854040844049698272636062241360985102468355684434353522411310358260270369140659983689141546994716087694313347445237315144636625380569256939988950987534615304524891738086067305405530139096529406747418806365548633913829039422839365100688850961607276784552471520776185e-268
1.49429511641157847652572157243662597884482611064038523241572110789337557980456913892976279863546863060334445321884217361893944782219962356141672492530524522794825867313087678634357361047636526191765047216836483270385537034102534776715026904259347927983982547248475850711593562530245446332960156008242862e-267
9.60142251759316416824363827742617803130932848282992206655370821744936286871618606904340513930249017550477124469868053538749594960711352565478680481937419913591767464269280090116753947700126064275821937092140271685129755353494523551888918271405226243129344637825997120151008122272690276233067962693700563e-268
8.91794698356588032189483740231356080064550790230341848203051854372645211673627699654091706388294015355077316322738210071540580675898048607386282914188665531632824472067202377539546505583549942556907809300896078301283205950667400936082933408155768139836148405206039824549314935404445743477741177408520491e-268
6.7451292655130828323579163402245130810232983837536779072144784649183974022277511292011951602217286295089895926093659783860099215463143536824055192220678302253501087256690549620681358708364168327727792668821299423844491661131869511764681535637526143306971070102956418676335660073389959334164381333454992e-268
5.04124377047639847635767232018420201405630808163707486090786213718128930682373235677619273536781896003702372778214405963738877231615932557776525350257365102110708343924869016624632396465276649543964730880945857463113064411729247119093284589056519440533995036658233801723185458422277365057559372745649016e-268
3.56594096762496453686461224446505650464890873809609916188447614120034305849035298323326575991612828699379157387896082074266246601663137728403827804900135161322171159211926264461098078076909071489894468992213144038763525996138320756080594559743910362983229951116283279652128205613239685129577019522888319e-268
1.68501180387839552001105989988023874261975681618737629114937106788775341504616181881384666086205033698321480729385438895570630639231470419019910249676486405986865755523427493769070259919345161299794539462590290580580654404879936751779850299543073997394192791658492146493617441934173121822425765130422461e-268
