3.3333333333333333333333333333333333333333333333333333336785385338284019724431e-01	3.333333333333333333333333333333333333333333333333333333333333333333333333337e-01
1.9999999999999999999999999999999999999999999999999999998681944147735406650453e-01	1.9999999999999999999999999999999999999999999999999999999999999999999999999956e-01
1.4285714285714285714285714285714285714285714285714285714788972638065962803609e-01	1.428571428571428571428571428571428571428571428571428571428571428571428571427e-01
1.1111111111111111111111111111111111111111111111111111110918958873874469720231e-01	1.1111111111111111111111111111111111111111111111111111111111111111111111111123e-01
9.0909090909090909090909090909090909090909090909090909091642775610134308960118e-02	9.0909090909090909090909090909090909090909090909090909090909090909090909091412e-02
7.6923076923076923076923076923076923076923076923076923076642958062418512594361e-02	7.6923076923076923076923076923076923076923076923076923076923076923076923076498e-02
6.6666666666666666666666666666666666666666666666666666666773639037737220338853e-02	6.6666666666666666666666666666666666666666666666666666666666666666666666666519e-02
5.8823529411764705882352941176470588235294117647058823529370941051978280029708e-02	5.8823529411764705882352941176470588235294117647058823529411764705882352941046e-02
5.2631578947368421052631578947368421052631578947368421052647188290067757938908e-02	5.2631578947368421052631578947368421052631578947368421052631578947368421053039e-02
4.7619047619047619047619047619047619047619047619047619047613111481928127028609e-02	4.7619047619047619047619047619047619047619047619047619047619047619047619047198e-02
4.3478260869565217391304347826086956521739130434782608695654466070795718962517e-02	4.347826086956521739130434782608695652173913043478260869565217391304347826135e-02
3.9999999999999999999999999999999999999999999999999999999999151950883833065041e-02	3.9999999999999999999999999999999999999999999999999999999999999999999999999469e-02
3.7037037037037037037037037037037037037037037037037037037037388684788385858708e-02	3.7037037037037037037037037037037037037037037037037037037037037037037037037446e-02
3.4482758620689655172413793103448275862068965517241379310344721450901477192879e-02	3.4482758620689655172413793103448275862068965517241379310344827586206896551305e-02
3.2258064516129032258064516129032258064516129032258064516129100555721372407442e-02	3.2258064516129032258064516129032258064516129032258064516129032258064516129567e-02
3.0303030303030303030303030303030303030303030303030303030303031116188869137305e-02	3.0303030303030303030303030303030303030303030303030303030303030303030303030839e-02
2.8571428571428571428571428571428571428571428571428571428571454155623765871256e-02	2.8571428571428571428571428571428571428571428571428571428571428571428571428982e-02
2.7027027027027027027027027027027027027027027027027027027027041797332333701155e-02	2.7027027027027027027027027027027027027027027027027027027027027027027027026609e-02
2.5641025641025641025641025641025641025641025641025641025641042859971554711479e-02	2.5641025641025641025641025641025641025641025641025641025641025641025641025499e-02
2.4390243902439024390243902439024390243902439024390243902439038655462131198765e-02	2.4390243902439024390243902439024390243902439024390243902439024390243902438485e-02
2.3255813953488372093023255813953488372093023255813953488372105832744940650463e-02	2.3255813953488372093023255813953488372093023255813953488372093023255813953900e-02
2.2222222222222222222222222222222222222222222222222222222222232691373413149717e-02	2.2222222222222222222222222222222222222222222222222222222222222222222222221805e-02
2.1276595744680851063829787234042553191489361702127659574468093109724987730161e-02	2.1276595744680851063829787234042553191489361702127659574468085106382978723334e-02
2.0408163265306122448979591836734693877551020408163265306122454267558172196313e-02	2.0408163265306122448979591836734693877551020408163265306122448979591836734829e-02
1.9607843137254901960784313725490196078431372549019607843137257513135991752161e-02	1.9607843137254901960784313725490196078431372549019607843137254901960784313682e-02
