3.3333333333333333333333333333333333333333333333333333333333333333333333333333333333333333333333333333333333329826061191030660774200554327062877509488066e-01
2.0000000000000000000000000000000000000000000000000000000000000000000000000000000000000000000000000000000000001339140272515565882697059117108214685333941e-01
1.4285714285714285714285714285714285714285714285714285714285714285714285714285714285714285714285714285714285713774406181662887824860635980101622133905342e-01
1.1111111111111111111111111111111111111111111111111111111111111111111111111111111111111111111111111111111111111306337841748917568066059447935360746404433e-01
9.0909090909090909090909090909090909090909090909090909090909090909090909090909090909090909090909090909090909090163679755746557029889181097372161408179621e-02
7.6923076923076923076923076923076923076923076923076923076923076923076923076923076923076923076923076923076923077207688454353857332229440215997380737024092e-02
6.6666666666666666666666666666666666666666666666666666666666666666666666666666666666666666666666666666666666666557996809270018847478692530583740523886005e-02
5.8823529411764705882352941176470588235294117647058823529411764705882352941176470588235294117647058823529411764747374480310805420876622258594574104503541e-02
5.2631578947368421052631578947368421052631578947368421052631578947368421052631578947368421052631578947368421052615736498736380662745079769118316104532861e-02
4.7619047619047619047619047619047619047619047619047619047619047619047619047619047619047619047619047619047619047625096553979852381094819542186624177053386e-02
4.3478260869565217391304347826086956521739130434782608695652173913043478260869565217391304347826086956521739130432473015357890066564532828125987860552544e-02
4.0000000000000000000000000000000000000000000000000000000000000000000000000000000000000000000000000000000000000000881844728963404593527333378497608982492e-02
3.7037037037037037037037037037037037037037037037037037037037037037037037037037037037037037037037037037037037037036700332685977945724375526622470457185253e-02
3.4482758620689655172413793103448275862068965517241379310344827586206896551724137931034482758620689655172413793103576835705200254493526403081075187615478e-02
3.2258064516129032258064516129032258064516129032258064516129032258064516129032258064516129032258064516129032258064467042546698456981785270802933373401737e-02
3.0303030303030303030303030303030303030303030303030303030303030303030303030303030303030303030303030303030303030303049045142970833617435836177827000617442e-02
2.8571428571428571428571428571428571428571428571428571428571428571428571428571428571428571428571428571428571428571421415349188747079018541796788276057924e-02
2.7027027027027027027027027027027027027027027027027027027027027027027027027027027027027027027027027027027027027027029759348245423952415981880361844893883e-02
2.5641025641025641025641025641025641025641025641025641025641025641025641025641025641025641025641025641025641025641024597775720809439737784113187461699444e-02
2.4390243902439024390243902439024390243902439024390243902439024390243902439024390243902439024390243902439024390243902837356177477368584138037878910876706e-02
2.3255813953488372093023255813953488372093023255813953488372093023255813953488372093023255813953488372093023255813953336281773755737820603725958120975454e-02
2.2222222222222222222222222222222222222222222222222222222222222222222222222222222222222222222222222222222222222222222280293070872746051452100543745776557e-02
2.1276595744680851063829787234042553191489361702127659574468085106382978723404255319148936170212765957446808510638297850167919141813585942150602785536803e-02
2.0408163265306122448979591836734693877551020408163265306122448979591836734693877551020408163265306122448979591836734702343416539808703895955766500629304e-02
1.9607843137254901960784313725490196078431372549019607843137254901960784313725490196078431372549019607843137254901960781081303541658931318807912255248283e-02
1.8867924528301886792452830188679245283018867924528301886792452830188679245283018867924528301886792452830188679245283020102121420795106605990858763340771e-02
1.818181818181818181818181818181818181818181818181818181818181818181818181818181818181818181818181818181818181818181818134694241565112827567418642632591e-02
1.7543859649122807017543859649122807017543859649122807017543859649122807017543859649122807017543859649122807017543859649302734193834706955834488273205619e-02
1.6949152542372881355932203389830508474576271186440677966101694915254237288135593220338983050847457627118644067796610169422825353244410590545260673835165e-02
1.6393442622950819672131147540983606557377049180327868852459016393442622950819672131147540983606557377049180327868852459042623771508199111959160450866696e-02
1.5873015873015873015873015873015873015873015873015873015873015873015873015873015873015873015873015873015873015873015873005857187382401527183026693901725e-02
1.5384615384615384615384615384615384615384615384615384615384615384615384615384615384615384615384615384615384615384615384619208229079343219366095898512608e-02
1.4925373134328358208955223880597014925373134328358208955223880597014925373134328358208955223880597014925373134328358208953763345117764491625023717985824e-02
1.4492753623188405797101449275362318840579710144927536231884057971014492753623188405797101449275362318840579710144927536232441111211423879851461895696202e-02
1.4084507042253521126760563380281690140845070422535211267605633802816901408450704225352112676056338028169014084507042253520913471228498963721756587627447e-02
1.3698630136986301369863013698630136986301369863013698630136986301369863013698630136986301369863013698630136986301369863013779481405550298998665218216012e-02
1.333333333333333333333333333333333333333333333333333333333333333333333333333333333333333333333333333333333333333333333333330188900247503854902573529091e-02
1.2987012987012987012987012987012987012987012987012987012987012987012987012987012987012987012987012987012987012987012987012998459358201034341637983564329e-02
1.2658227848101265822784810126582278481012658227848101265822784810126582278481012658227848101265822784810126582278481012658222935974993927206320049326117e-02
1.2345679012345679012345679012345679012345679012345679012345679012345679012345679012345679012345679012345679012345679012345680369788614040975397966831800e-02
1.2048192771084337349397590361445783132530120481927710843373493975903614457831325301204819277108433734939759036144578313253011036960654957899462551516805e-02
1.1764705882352941176470588235294117647058823529411764705882352941176470588235294117647058823529411764705882352941176470588235217807822814117877812139454e-02
1.1494252873563218390804597701149425287356321839080459770114942528735632183908045977011494252873563218390804597701149425287355921787314863891776434623644e-02
1.1235955056179775280898876404494382022471910112359550561797752808988764044943820224719101123595505617977528089887640449438202007135137069167089620183441e-02
1.098901098901098901098901098901098901098901098901098901098901098901098901098901098901098901098901098901098901098901098901098874861544734275425549058099e-02
1.0752688172043010752688172043010752688172043010752688172043010752688172043010752688172043010752688172043010752688172043010752476272713655260819555464022e-02
1.0526315789473684210526315789473684210526315789473684210526315789473684210526315789473684210526315789473684210526315789473684029590767739653824401363261e-02
1.0309278350515463917525773195876288659793814432989690721649484536082474226804123711340206185567010309278350515463917525773195737739305751153270110784042e-02
1.0101010101010101010101010101010101010101010101010101010101010101010101010101010101010101010101010101010101010101010101010100913387358448245857195646479e-02
9.9009900990099009900990099009900990099009900990099009900990099009900990099009900990099009900990099009900990099009900990099009413429723265981922380318591e-03
