3.33333333333333333333333333333333333333333333333333333333333333333333333333333333333333333333333333333333333333333333333333333333333333333333333333333333333333333333333333333333333333333333333333333333333333333333333333333333333333333333333333333333333333333332000729534603339425622417954727058942583129e-01
2.0000000000000000000000000000000000000000000000000000000000000000000000000000000000000000000000000000000000000000000000000000000000000000000000000000000000000000000000000000000000000000000000000000000000000000000000000000000000000000000000000000000000000000000050881235951508858018069419845663068089613e-01
1.42857142857142857142857142857142857142857142857142857142857142857142857142857142857142857142857142857142857142857142857142857142857142857142857142857142857142857142857142857142857142857142857142857142857142857142857142857142857142857142857142857142857142857142662869047146186950838799136915169631393702e-01
1.1111111111111111111111111111111111111111111111111111111111111111111111111111111111111111111111111111111111111111111111111111111111111111111111111111111111111111111111111111111111111111111111111111111111111111111111111111111111111111111111111111111111111111111118528838401893062748925193373447411701602e-01
9.09090909090909090909090909090909090909090909090909090909090909090909090909090909090909090909090909090909090909090909090909090909090909090909090909090909090909090909090909090909090909090909090909090909090909090909090909090909090909090909090909090909090909090908807686776170143503056430649753795156730318e-02
7.69230769230769230769230769230769230769230769230769230769230769230769230769230769230769230769230769230769230769230769230769230769230769230769230769230769230769230769230769230769230769230769230769230769230769230769230769230769230769230769230769230769230769230769338908660033192291864236151028243464421181e-02
6.66666666666666666666666666666666666666666666666666666666666666666666666666666666666666666666666666666666666666666666666666666666666666666666666666666666666666666666666666666666666666666666666666666666666666666666666666666666666666666666666666666666666666666666625377066402244726679772544453679139296545e-02
5.88235294117647058823529411764705882352941176470588235294117647058823529411764705882352941176470588235294117647058823529411764705882352941176470588235294117647058823529411764705882352941176470588235294117647058823529411764705882352941176470588235294117647058823545176884806843134844086941804749396648213e-02
5.26315789473684210526315789473684210526315789473684210526315789473684210526315789473684210526315789473684210526315789473684210526315789473684210526315789473684210526315789473684210526315789473684210526315789473684210526315789473684210526315789473684210526315789467664801033221306418076968142531642113367e-02
4.76190476190476190476190476190476190476190476190476190476190476190476190476190476190476190476190476190476190476190476190476190476190476190476190476190476190476190476190476190476190476190476190476190476190476190476190476190476190476190476190476190476190476190476192774510464462504953382950364909223698911e-02
4.34782608695652173913043478260869565217391304347826086956521739130434782608695652173913043478260869565217391304347826086956521739130434782608695652173913043478260869565217391304347826086956521739130434782608695652173913043478260869565217391304347826086956521739129557242249536787814983847425267327107201e-02
4.00000000000000000000000000000000000000000000000000000000000000000000000000000000000000000000000000000000000000000000000000000000000000000000000000000000000000000000000000000000000000000000000000000000000000000000000000000000000000000000000000000000000000000000000335060864405624623897748753700745106816e-02
3.70370370370370370370370370370370370370370370370370370370370370370370370370370370370370370370370370370370370370370370370370370370370370370370370370370370370370370370370370370370370370370370370370370370370370370370370370370370370370370370370370370370370370370370370242438040324061942089824137805891456897e-02
3.44827586206896551724137931034482758620689655172413793103448275862068965517241379310344827586206896551724137931034482758620689655172413793103448275862068965517241379310344827586206896551724137931034482758620689655172413793103448275862068965517241379310344827586206945398613791418397142585700416263314939e-02
3.22580645161290322580645161290322580645161290322580645161290322580645161290322580645161290322580645161290322580645161290322580645161290322580645161290322580645161290322580645161290322580645161290322580645161290322580645161290322580645161290322580645161290322580645142639691985080753317330244216973439353e-02
3.03030303030303030303030303030303030303030303030303030303030303030303030303030303030303030303030303030303030303030303030303030303030303030303030303030303030303030303030303030303030303030303030303030303030303030303030303030303030303030303030303030303030303030303030310151452893431968192072361504152636324e-02
2.85714285714285714285714285714285714285714285714285714285714285714285714285714285714285714285714285714285714285714285714285714285714285714285714285714285714285714285714285714285714285714285714285714285714285714285714285714285714285714285714285714285714285714285714282995301220424290213598799586639291369e-02
2.70270270270270270270270270270270270270270270270270270270270270270270270270270270270270270270270270270270270270270270270270270270270270270270270270270270270270270270270270270270270270270270270270270270270270270270270270270270270270270270270270270270270270270270270271308427985413203564423368735591783512e-02
2.56410256410256410256410256410256410256410256410256410256410256410256410256410256410256410256410256410256410256410256410256410256410256410256410256410256410256410256410256410256410256410256410256410256410256410256410256410256410256410256410256410256410256410256410256013868918289132136374607915498858546e-02
2.43902439024390243902439024390243902439024390243902439024390243902439024390243902439024390243902439024390243902439024390243902439024390243902439024390243902439024390243902439024390243902439024390243902439024390243902439024390243902439024390243902439024390243902439024541591853167322030522019016633741841e-02
2.32558139534883720930232558139534883720930232558139534883720930232558139534883720930232558139534883720930232558139534883720930232558139534883720930232558139534883720930232558139534883720930232558139534883720930232558139534883720930232558139534883720930232558139534883663142832419817762045866304471955425e-02
2.22222222222222222222222222222222222222222222222222222222222222222222222222222222222222222222222222222222222222222222222222222222222222222222222222222222222222222222222222222222222222222222222222222222222222222222222222222222222222222222222222222222222222222222222222244286501504158653547386764824330369e-02
2.12765957446808510638297872340425531914893617021276595744680851063829787234042553191489361702127659574468085106382978723404255319148936170212765957446808510638297872340425531914893617021276595744680851063829787234042553191489361702127659574468085106382978723404255319140511626440255940248831587912390587e-02
2.04081632653061224489795918367346938775510204081632653061224489795918367346938775510204081632653061224489795918367346938775510204081632653061224489795918367346938775510204081632653061224489795918367346938775510204081632653061224489795918367346938775510204081632653061227706439143415350544319577730013424e-02
1.96078431372549019607843137254901960784313725490196078431372549019607843137254901960784313725490196078431372549019607843137254901960784313725490196078431372549019607843137254901960784313725490196078431372549019607843137254901960784313725490196078431372549019607843137253673787166219656614724067123199859e-02
1.88679245283018867924528301886792452830188679245283018867924528301886792452830188679245283018867924528301886792452830188679245283018867924528301886792452830188679245283018867924528301886792452830188679245283018867924528301886792452830188679245283018867924528301886792453299126977025658752471634108871643e-02
1.81818181818181818181818181818181818181818181818181818181818181818181818181818181818181818181818181818181818181818181818181818181818181818181818181818181818181818181818181818181818181818181818181818181818181818181818181818181818181818181818181818181818181818181818181818002768302475745290749097760050743e-02
1.7543859649122807017543859649122807017543859649122807017543859649122807017543859649122807017543859649122807017543859649122807017543859649122807017543859649122807017543859649122807017543859649122807017543859649122807017543859649122807017543859649122807017543859649122807024380241276932115075860110921175e-02
1.69491525423728813559322033898305084745762711864406779661016949152542372881355932203389830508474576271186440677966101694915254237288135593220338983050847457627118644067796610169491525423728813559322033898305084745762711864406779661016949152542372881355932203389830508474550167979917042763165789130707081e-02
1.63934426229508196721311475409836065573770491803278688524590163934426229508196721311475409836065573770491803278688524590163934426229508196721311475409836065573770491803278688524590163934426229508196721311475409836065573770491803278688524590163934426229508196721311475409846031634273645946743059797269212e-02
1.5873015873015873015873015873015873015873015873015873015873015873015873015873015873015873015873015873015873015873015873015873015873015873015873015873015873015873015873015873015873015873015873015873015873015873015873015873015873015873015873015873015873015873015873015873015492433888975756742460662096931e-02
1.53846153846153846153846153846153846153846153846153846153846153846153846153846153846153846153846153846153846153846153846153846153846153846153846153846153846153846153846153846153846153846153846153846153846153846153846153846153846153846153846153846153846153846153846153846155298724497483078602629725486295e-02
1.49253731343283582089552238805970149253731343283582089552238805970149253731343283582089552238805970149253731343283582089552238805970149253731343283582089552238805970149253731343283582089552238805970149253731343283582089552238805970149253731343283582089552238805970149253730788119118398565109998720591683e-02
1.44927536231884057971014492753623188405797101449275362318840579710144927536231884057971014492753623188405797101449275362318840579710144927536231884057971014492753623188405797101449275362318840579710144927536231884057971014492753623188405797101449275362318840579710144927536443334057685135150427831903134e-02
1.40845070422535211267605633802816901408450704225352112676056338028169014084507042253521126760563380281690140845070422535211267605633802816901408450704225352112676056338028169014084507042253521126760563380281690140845070422535211267605633802816901408450704225352112676056337946929080650546026460678216422e-02
1.36986301369863013698630136986301369863013698630136986301369863013698630136986301369863013698630136986301369863013698630136986301369863013698630136986301369863013698630136986301369863013698630136986301369863013698630136986301369863013698630136986301369863013698630136986301400399445690273944606115636575e-02
1.33333333333333333333333333333333333333333333333333333333333333333333333333333333333333333333333333333333333333333333333333333333333333333333333333333333333333333333333333333333333333333333333333333333333333333333333333333333333333333333333333333333333333333333333333333333321205697983574875588833123929e-02
1.29870129870129870129870129870129870129870129870129870129870129870129870129870129870129870129870129870129870129870129870129870129870129870129870129870129870129870129870129870129870129870129870129870129870129870129870129870129870129870129870129870129870129870129870129870129874312096664562359360572320382e-02
1.26582278481012658227848101265822784810126582278481012658227848101265822784810126582278481012658227848101265822784810126582278481012658227848101265822784810126582278481012658227848101265822784810126582278481012658227848101265822784810126582278481012658227848101265822784810124555315275338062416670282874e-02
1.23456790123456790123456790123456790123456790123456790123456790123456790123456790123456790123456790123456790123456790123456790123456790123456790123456790123456790123456790123456790123456790123456790123456790123456790123456790123456790123456790123456790123456790123456790123457166575789496706562279092825e-02
1.20481927710843373493975903614457831325301204819277108433734939759036144578313253012048192771084337349397590361445783132530120481927710843373493975903614457831325301204819277108433734939759036144578313253012048192771084337349397590361445783132530120481927710843373493975903613939815158154806933817481417e-02
1.17647058823529411764705882352941176470588235294117647058823529411764705882352941176470588235294117647058823529411764705882352941176470588235294117647058823529411764705882352941176470588235294117647058823529411764705882352941176470588235294117647058823529411764705882352941176336932721778981013740948095e-02
1.14942528735632183908045977011494252873563218390804597701149425287356321839080459770114942528735632183908045977011494252873563218390804597701149425287356321839080459770114942528735632183908045977011494252873563218390804597701149425287356321839080459770114942528735632183908045729079136093601544867977678e-02
1.12359550561797752808988764044943820224719101123595505617977528089887640449438202247191011235955056179775280898876404494382022471910112359550561797752808988764044943820224719101123595505617977528089887640449438202247191011235955056179775280898876404494382022471910112359550561640566923538278845329176715e-02
1.09890109890109890109890109890109890109890109890109890109890109890109890109890109890109890109890109890109890109890109890109890109890109890109890109890109890109890109890109890109890109890109890109890109890109890109890109890109890109890109890109890109890109890109890109890109889958680149638457119746809886e-02
1.07526881720430107526881720430107526881720430107526881720430107526881720430107526881720430107526881720430107526881720430107526881720430107526881720430107526881720430107526881720430107526881720430107526881720430107526881720430107526881720430107526881720430107526881720430107526782256865551127310391602006e-02
1.05263157894736842105263157894736842105263157894736842105263157894736842105263157894736842105263157894736842105263157894736842105263157894736842105263157894736842105263157894736842105263157894736842105263157894736842105263157894736842105263157894736842105263157894736842105263085096376606767057720023183e-02
1.03092783505154639175257731958762886597938144329896907216494845360824742268041237113402061855670103092783505154639175257731958762886597938144329896907216494845360824742268041237113402061855670103092783505154639175257731958762886597938144329896907216494845360824742268041237113378638502046331934991477326e-02
1.01010101010101010101010101010101010101010101010101010101010101010101010101010101010101010101010101010101010101010101010101010101010101010101010101010101010101010101010101010101010101010101010101010101010101010101010101010101010101010101010101010101010101010101010101010101010091179619123662153712697993e-02
9.90099009900990099009900990099009900990099009900990099009900990099009900990099009900990099009900990099009900990099009900990099009900990099009900990099009900990099009900990099009900990099009900990099009900990099009900990099009900990099009900990099009900990099009900990099009901159218067915524937747058446e-03
