-1.33260379872999390771091537860627439075026675712469266841502654336678349426099494857925448465164587392194389918573327538381152587669177604624369070558642976861468705040785402300634163066484598276987632314291349579269365116370301935674184499154882226038641186843339303742570090279061231017724481885446102e-261
5.08812359515088580180694198456630680896242393698520891920679318078525809439705932986353492125523550987300209305367325695558298797061700252255194367012494615006951230375355123379079952623233480657850020472135850648769781492816274102839670590235412092986246540786125406723297203258216849154739351734488596e-262
-1.94273809996670192018343720227687511463413983077607104943444489897227620340217301663185288467942222265656863835572795170204350386787065494615154710338272604064353279731896506305200968665088269878433689197945609949159437499608084848659624747474480661178368702034175296435990959085919007807626436201474793e-262
7.41772729078195163781408226233630059048883395593960151168664886005919571954322213247123911514248479758213672995099696218632207555599851271954298906183824659643231261962813985804018514843569507181878644882825190932056886147383448685525838115452928286388007732072981476344874059608572514986226607115328127e-263
-2.83222314738947406034478441155295752361439830248977335382258780486351258325346746689905071948087285341958904047037312625620179242576104378481519364443262507866059518790590811943016119005575138277063263193632123012977277863776958677542602056668349979311029051825528709260980672437551130155636317760770706e-263
1.08139429263961522633466920259012695189694235915982132449714659131167925923089400579306136939071448750296183289742158810999648140678999547633564353829343840713239528066097017507713446473763775801784413819399426599610129221694940017275456405889594508689670529956960019925525866714367228753237005541043039e-263
-4.12896002644219399868941222129875273700598950027081187578571950531685113347953443698788419283153742800134774245091712236075844177704994998263283839041591233562164786726508837962278692903185676737620876984869670871030942587416504022935927259575341853450349842279877663777797063204107874717522893007334926e-264
1.57651201009607819029104712165141025315543335977345054247514116699560891605901114271188888074208687355672319984374415018923028854842566823410927480480175890794756449936927544553270219742211033525999100848360613825129050357288698783889839630281323571715587907461831101991873805616488693664801820134464967e-264
-6.01940949309448305560724238378414736041590181337192391461456717676124151373100523484773177101001593777087905246008539649524055588295674036663566925532968902032265110913978635395793301061988572847740034700263297715759447750530720747697257376413177785917963314757530805832285781233815123685571945270338618e-265
2.29831998827202876290675988871874750727953708333736092300517656506593826659523244387193464330295573684374116957515028019022643984144769107968107481991829743853123400775612674652571030792750083791879757936827387759195075697738345977132818577328156588981527169217341979348198227791180046379001593488076822e-265
-8.7754035915886435892919605299354245752904269098513577233492068075150496332649288105046712049358280518742842951513861657048323795448558790744749854533139850219160070432904190321254067210847589593936337987685719229691206970742109362734309373442571044114400636130614323754029281837974221211930377456492669e-266
3.35060864405624623897748753700745105919981062077351735968423782123700909223072038077939485080163597613949297481609321902560044150287426003483730332020975085786780979043007587054784850858065541354665091555866002470483963142276561607155801996955247878125680044748557207951434759616965828900836913841906608e-266
-1.27932330046308428280546232564478912609341293148592092936443283789597634202215731021179519771749371615720171444897135868806690393823890249403193837590293622228509769162030361099986628695382397323531001662331524151520987495830569152554013060854313377285474698093544001457290123929673576166172857357606324e-266
4.88468896534873626598270797266081423318596886981399875121105377911876611696708399847982581204552198263136306261677801501722365559190919527268821306368585635120351494504529741242252713951644068573474472979669674800100817160868970781319410527164730945654724225516570315121345674672673244215682666931940436e-267
-1.86506305955644079729923364281878518729397689419509333353882434524000859956949332640391129923807169328258078109284810384308124411909558291064382557878352881352605026412778948688137441422906315618177622541609029527059604966869917360839923440344940785233088163481539463847424414255769590562439101384863401e-267
7.12114986312893788904205847384960511567149433655180459806403680775826392537397423751614762184749145381157576643129442210015948389398133940073101827460620494914323786246355985180135041909222455500672985361187796683898402230093529251334127577355753549081096200038049772630674056955782611020649555929191041e-268
-2.71898449386142407211548612764642342362457852446658658082899956526516146152220471068545358488140396923024368101180158818060839137392082609857062878320670587767040556309492337925520498544669441247541942158310342625096635766633187879525931953913103992565610742929573534152141407810572591688774067203714429e-268
1.03815771514293329415309846532151354440841907797764215432104243049845845984788488063963034989455856144107517086981865230266964227397026887351864429994563447189552756816181180772158778228781013720039383245857101771527728346418770916437516974386245592628090927192002121310955617547644874058999936535565843e-268
-3.96387491967278120035648494757551327654531911550279251657711085901192061721138355819351839110038614234793840972944157232620123455795717629008173364454310930679946584831661774111702427383751858767437883474644025070210587530879274178036478674826778182039409680736230101952008122632349071041313941541548687e-269
1.51347950728297640278116577609350686443269053025102766169130516238347713117556052603989695119420930464512746370391948262679658498006502055635739928027440809041971446792208086865182436186243121039608683140061946400077029563667404247619304122767711985950460358295315599721136612158322450605690098044687604e-269
-5.77874001383217728378546257606022585057264332399602438754039020503361105030991070848689930150711892694257797021703154087514691459486715465773677942117489939488905432031407298972589020614135971842627746729970766485033195133052640895044183073159428457739484370862652322015848804405772408481199857079210777e-270
2.20642792819364313251645426021084781546476485132363630808448014420833598270351592748988286749074664048787650642013964495466519819257964255643986317758317734818036412434047028323744759738555286514515558407380160083056946215266843423659743165341652159832701511406499282080814709050664551846229169262716775e-270
-8.42454377251001719797692272590674895858465183477855936421616667842010569262813931369873275652465642782718431634176126828830723578925531307158288343354455290465410748799796125618222159625069946295593195274530756979910979941728220971848070827905848407615418579126352229542466271491756967350715384370047132e-271
3.21664322504800360554406752593289634272828892559596512343830668146287007090448601472645396568750937968202975615993582720515735864862324423187394762735076285214429814305723135866148407031450942759696061319307782513217946269883004593064979824824152827033768966489757004664000085326637541345301815834631649e-271
-1.22817361809406887547201130817267202597344101389933699435115328438634535559079588357854154327406170480659814553484478991172897034928403456303743826982217125563815107507953998376394715327626358781618856079911797756073450154289000315124873025112147789995686477216045675000969314571214355429340797329377706e-271
4.68938297780375733603709580569086815631297281038838031148413007989324419345245081580306170698450050706655324373652274940101460173023574604342146793331112154242462568197901835700380128723956835195341761073956244758650020359520680954010549336274662666547911995199322911943661547469898579291613662253240989e-272
-1.79049879342436527432720421767422087050951377998522838815814036630386935270750192145254225244865622112200464428601925205633815249939577738613632948403498348013346392609139070605857510329133402740091316676658968406041870913386912497979654864851199545333924072607399591476189655624141344428446732921173361e-272
6.83638162780930805831625127204889557166841636379142541720049623046690414054090311640289332566255115433278891753459584820763702536431260793702483241846093674293322962132210627943445864768771290019342650517859213809105474042879655249518029684583888516451333273448815255285652205446092906452198751309178182e-273
-2.61032065236352029359057845474409904430781493331003338581803684330974861672393701605391820399735491617814837383172793664964757142447521647265303527297831353591023858908550238205093245154675919112812277963701289693362437844825196333540933805739964462413794918818031433427688550004874731412602046535544892e-273
9.96606050315414346437127268018028408498868332811908449459019292968899730261828212923771211520237571147796651736775864246180493217108326730586415632338814367814141521646722556341451400492383296315971522535976225382305262719786290387256898367429972544613939832789620325031206637220219652396301117039971345e-274
-3.8058198404011627341235377615449570022684335423990103733938119325504919493617175122468981607132880620616735695629772196345066325909769690034589874453496519150832890906887643175405221682497369448202914179404711566085571303715312123723126547571123575355163157047422352120950764767914155285190513250526522e-274
1.45257065132923244878357163850388070793145892430020620955397592999873591987615672202834816335998754717137450423091797629254913003400279930404157473791827230627922770084030412988314330840711886488543174026630638414782742920786744039159647367662299334435938681478960065104474354857184167715058381487992887e-274
-5.55164463690987128807249557305781648202168990437287829906072361523055713650883442396944224246523328567465046836998982147438658547525883967848973058628432700504696217510027649836156280322741092934085289707178756438362215255387833520972886226896919509735429555235066436592872106315598666952989157840266652e-275
2.11449999714120657674208715512245489473947089959481045105140362296326455289841723222003144041411399940724026415293436963943431328656638863176605624433084286775304904044507211220692931157427522162900158842467750784616727408028558694330086706375715999391176275435015575575753390003512865650094065979376893e-275
-8.12399334339610157928429097080073368597262367900046329735608065068003189472516335143073136799645777733853884517870577217560579976429969239586308480807840753902171723075283361544499377057621630959514298837589242323205615204954362106890547867094600667184072839840137681573567645699310957267463291169102949e-276
3.05364319916438076198142667371681043315686593739814099923606261853054207381723827650794046815071948054386646173017816429189137605926695188812431757204902244220466586986551433337670417288849110664278683727285837680866027258980100533180924437480289259245472279057979457390392668709812757042182491994220249e-276
-1.2127635349758457744500210325442792808044516570522364822552864689219497560281660735747396558578839035578995244210318317854515640604289655311803496703362945528363180886835416350516076223074418251862569603184509944700360470982668377034715071085253083781756509212847707207516223848797246690569547338566616e-276
4.18222653469222949044244959727589027255357517138474782877147367746412599959886186003557123099279084399433488589228447395304153433299704703041730811973336705779792788278591976436034390419333870463575784756879353086069704665904925125351785315246802484019134624260406031585939072105933473075765966426859758e-277
-2.02696320567459581117781872225682886241720478333448387501019404832235114095999900814690131715990513923773140551506669406767952397768597074275275717622195655555212623440959365081479101328919631200326756252437234133692810923465403465617434608124681471727173833578254058239486322063419216100033684439528012e-277
3.76452332706583105488969344757955065676268903055567058722447039619151855513987755647921135435499268887450697810017774938033345031094472424337164897902369045286694647452734630776946164871305953771767358224362934125797624974696960987175204620060360212548582260224058319056055137150566612385325907381151928e-278
-5.18016167146397885459626466147529412547428259846869099009322854360791247254696181683601853080533859363741329958833963360133637420111305110707646374619884987134690471087041983315947624960263093066071669507371321812553788608599107209063421337031665740854005228076952040515646038554904798244178299687169636e-278
-1.33655513515136633317875423202572035268371437600658804096189017155644631173877776848525351578171956200242568976155492709994080833840136333925182584749231177392683434648105835338830839238182584189764371157941413383536708207457194600546697028146851931976973516753945607897657491425737733113933834292821511e-278
-2.47932358159272018350413501662248572081626387335921695868409289484059699699773623737435628816290498495284242208628799873598392868847154472050265910010539692717848415299902614928217668679589485750378665403283716674994056610096577148005773219956334450945751016806591375478978611889731584708226364263825985e-278
-1.57185885450485199614643037625361005042160662459112928650529544247098262543816935816283577821607594775387291241637512017176730579217112301044271812351630641771225509353213847615578424895981403204484765516561443870124136008240120046150295420936547908756990006383409619258198947912185763663734434047642691e-278
-1.51209960251652770363080059630224648204464389765665565722123675809167576029808646200485987200426700174944171551376047103997357649028332163994369137092341723562390659430779745308419495598166732210407055224657578930739709090071303292495593142727724572585387538384364980153859043041465290272217817266246512e-278
-9.94635645563995713288280911637552828904282424968860078197474066781559905071123961529147300191981567841830573031131846913174677319245023918760125350744126133663465252478952898177648475946109112443055674108729458847754131850401407332263690631194925828786699944020760143337231012273447374078642874586204069e-279
-7.27983602353382054378712002280631074616543594795784135084406713053133347683806902872489286351776509326151781886028849688831995194263170420471398464432042109305120115590325521791467414250052175329347916259984319621838910910236223610329482374809828275746285412819013718528154818212445258014882213620821134e-279
-2.3423353623771157792028415162330859581539201251364002758652830063343387751030120864454921185725481630556088106419455192959245314184509510158348117609669986109463623105836129870207765106612254710690259385608508941863937646410989540171620422434592279029949494899290427843172056038255574007819112790268116e-279
-9.83048188643885638831272086203118912105433014506164437005479704295868661767268831703741473690519347275210512832607107794003684954331038594442357372788270737071938890636125748591064935089453296203687492743853363918285375488908119098631452937817347701121643597261773117416164674578780830612613288310466767e-280
1.69119058014534838737148215597471836840857479108543704937163355875706412886493996018462032008818273782298686917702133922698936518076924857009917266907443253391067590658302599471932730721636370073921365367912962423597270110996959058501496905688516258687004385851664283552973821065344389293507313624375514e-279
