3.3333333333333333333333333333333333333333333333333333337566576655442327393733e-01	3.333333333333333333333333333333333333333333333333333333333333333333333333337e-01
1.9999999999999999999999999999999999999999999999999999998383670622098761103068e-01	1.9999999999999999999999999999999999999999999999999999999999999999999999999956e-01
1.428571428571428571428571428571428571428571428571428571490285801371440015102e-01	1.428571428571428571428571428571428571428571428571428571428571428571428571427e-01
1.1111111111111111111111111111111111111111111111111111110875474108895849549394e-01	1.1111111111111111111111111111111111111111111111111111111111111111111111111123e-01
9.090909090909090909090909090909090909090909090909090909180879198135540299534e-02	9.0909090909090909090909090909090909090909090909090909090909090909090909091412e-02
7.6923076923076923076923076923076923076923076923076923076579549882107336973772e-02	7.6923076923076923076923076923076923076923076923076923076923076923076923076498e-02
6.6666666666666666666666666666666666666666666666666666666797825899797654683004e-02	6.6666666666666666666666666666666666666666666666666666666666666666666666666519e-02
5.8823529411764705882352941176470588235294117647058823529361679445742243479227e-02	5.8823529411764705882352941176470588235294117647058823529411764705882352941046e-02
5.2631578947368421052631578947368421052631578947368421052650695429374481396215e-02	5.2631578947368421052631578947368421052631578947368421052631578947368421053039e-02
4.7619047619047619047619047619047619047619047619047619047611740941467707226836e-02	4.7619047619047619047619047619047619047619047619047619047619047619047619047198e-02
4.3478260869565217391304347826086956521739130434782608695654955435753362046908e-02	4.347826086956521739130434782608695652173913043478260869565217391304347826135e-02
3.9999999999999999999999999999999999999999999999999999999998929166858768210888e-02	3.9999999999999999999999999999999999999999999999999999999999999999999999999469e-02
3.703703703703703703703703703703703703703703703703703703703743668547328853212e-02	3.7037037037037037037037037037037037037037037037037037037037037037037037037446e-02
3.448275862068965517241379310344827586206896551724137931034466563232809947644e-02	3.4482758620689655172413793103448275862068965517241379310344827586206896551305e-02
3.225806451612903225806451612903225806451612903225806451612908468178159999628e-02	3.2258064516129032258064516129032258064516129032258064516129032258064516129567e-02
3.0303030303030303030303030303030303030303030303030303030303000903662662325800e-02	3.0303030303030303030303030303030303030303030303030303030303030303030303030839e-02
2.8571428571428571428571428571428571428571428571428571428571430534602312987052e-02	2.8571428571428571428571428571428571428571428571428571428571428571428571428982e-02
2.7027027027027027027027027027027027027027027027027027027027017564905180202434e-02	2.7027027027027027027027027027027027027027027027027027027027027027027027026609e-02
2.5641025641025641025641025641025641025641025641025641025641021171404729738627e-02	2.5641025641025641025641025641025641025641025641025641025641025641025641025499e-02
2.4390243902439024390243902439024390243902439024390243902439018841421045561428e-02	2.4390243902439024390243902439024390243902439024390243902439024390243902438485e-02
2.3255813953488372093023255813953488372093023255813953488372088721208785868461e-02	2.3255813953488372093023255813953488372093023255813953488372093023255813953900e-02
2.2222222222222222222222222222222222222222222222222222222222218513383973272132e-02	2.2222222222222222222222222222222222222222222222222222222222222222222222221805e-02
2.1276595744680851063829787234042553191489361702127659574468082342007297292032e-02	2.1276595744680851063829787234042553191489361702127659574468085106382978723334e-02
2.0408163265306122448979591836734693877551020408163265306122447120919761574366e-02	2.0408163265306122448979591836734693877551020408163265306122448979591836734829e-02
1.9607843137254901960784313725490196078431372549019607843137253995235937905742e-02	1.9607843137254901960784313725490196078431372549019607843137254901960784313682e-02
