4.2332433221089940603632698136211323613213385833442399406922461496943848740923e-56
-1.616329377901238896943388528859604484120044194030288034905029346863270868582e-56
6.1714372800011443674959267333950818553205562860160546938400534659496155739411e-57
-2.3563700221526156172947668391914286764989287610071210215030919008162017162513e-57
8.9970107226449390503424636776470043144602325106869392962926756200386462870206e-58
-3.4352704096958610327844269330416417666056454164655561353258477034868641767701e-58
1.3115923313098801648427589700948947638821439964843735883156804818716065540324e-58
-5.0085260140109461266817569866076394206226796229109254748946798034830298192553e-59
1.9116482006060344281711724204805798899050768210810598719268430083045181954323e-59
-7.3066775799118203623446307840659584101328400797224542451326444956284091050442e-60
2.781522709883786663578705646792900741785137910061030074363466980599936439566e-60
-1.0708331412317891336203489804504336137355328960360590062533823993508974315556e-60
3.9964843625149577879897716429174350539018471205074839671627623324945604650227e-61
-1.6195387879707541721427895553913815855477673086564942208121436871832390041248e-61
5.2423717083866713136983738743536284495348525011475040151374912714853434241043e-62
-2.9399367640703933786437657257096054728996263721337415082484781463132302802265e-62
1.9631737415591757455703179279333380495158150805271807175107225451614284943391e-63
-9.4621218468252804617521956968676562484051151221555293134825601693321786919341e-63
-4.4696209112874245696321630208773487502852797922556837017359268290571111964784e-63
-5.5488228568776099248581279919050620819656827097408044453357879374339315402256e-63
-4.3020470280854382613434270079600582863335437114165745938457586242493262946824e-63
-3.7088382489507777799706368940355073380965749966283024565156519741999277098677e-63
-2.7643756814313012399429300003391658124564683215748148603199050955971818367987e-63
-1.8586720751604629447775603894928862773082726214154775750061448501730286739343e-63
-9.0672484640793991681457569029682167958321754660105464084268392882262529063826e-64
