3.3333333333333333333333333333333333333333333333333333333903602627505365777136e-01
1.9999999999999999999999999999999999999999999999999999999782260833727823887172e-01
1.4285714285714285714285714285714285714285714285714285714368851088146730643856e-01
1.1111111111111111111111111111111111111111111111111111111079368006069573951722e-01
9.0909090909090909090909090909090909090909090909090909091030292260706437706414e-02
7.6923076923076923076923076923076923076923076923076923076876800290486432627633e-02
6.666666666666666666666666666666666666666666666666666666668433587601426853163e-02
5.882352941176470588235294117647058823529411764705882352940501793478540761353e-02
5.2631578947368421052631578947368421052631578947368421052634154196815252641948e-02
4.7619047619047619047619047619047619047619047619047619047618063243634393465094e-02
4.3478260869565217391304347826086956521739130434782608695652548316630745532546e-02
3.9999999999999999999999999999999999999999999999999999999999855233687091267601e-02
3.7037037037037037037037037037037037037037037037037037037037090206127462626588e-02
3.4482758620689655172413793103448275862068965517241379310344804864099728663696e-02
3.2258064516129032258064516129032258064516129032258064516129038347836080165575e-02
3.0303030303030303030303030303030303030303030303030303030303025154897014199815e-02
2.8571428571428571428571428571428571428571428571428571428571427780661475422741e-02
2.7027027027027027027027027027027027027027027027027027027027024824290614579581e-02
2.5641025641025641025641025641025641025641025641025641025641024497649003061621e-02
2.439024390243902439024390243902439024390243902439024390243902328065052766039e-02
2.3255813953488372093023255813953488372093023255813953488372092525934368785866e-02
2.2222222222222222222222222222222222222222222222222222222222221931088591697138e-02
2.1276595744680851063829787234042553191489361702127659574468085191124863540572e-02
2.0408163265306122448979591836734693877551020408163265306122449120580271001605e-02
1.9607843137254901960784313725490196078431372549019607843137255157827421338243e-02
