250503466528862300
-95646778129202020
36519678922058950
-13943877406604326
5324025918885288
-2032809896301655
776163778587904.5
-296353442733563.4
113153132680087.9
-43203923386942.586
16496043475014.502
-6298489326823.663
2404877742969.0884
-918226047315.4214
350595399884.1155
-133863698137.52875
51111593834.36924
-19515335827.630375
7451310043.312949
-2845045652.867195
1086290158.3999712
-414765333.17623544
158364945.42424488
-60466615.49717202
23087253.217142064
-8815133.020282099
3365778.087579689
-1285115.2454172783
490680.3899751855
-187350.67159835628
71533.91481064387
-27312.927964669325
10428.593171656004
-3981.806420656129
1520.345572362545
-580.4766447673104
221.6549563890301
-84.61396459816662
32.3246110944282
-12.325107403593583
4.7225438255868815
-1.7869629720584506
.6980995892187477
-.2511111274116552
.11096181186948716
-.027622581604097092
.024966721510955303
.0045751459011118545
.012060866890905115
.008913614300330166
.00983657234524317
.009215108082754341
.009192335818870568
.008949350627409234
.008798234860611579
.00861922672387334
.008457560941532164
.008295175552366755
.008139000982357286
.00798431519567527
.00783588164985339
.0076826972023819095
.007549281291384524
.007371773137635243
.007312234974236278
.0069488625644359365
.007355787564493099
.006052501449964501
.008627041636763784
-.0007219458371822448
.02455116204142044
-.028396420377353588
.061040775889891485
-.08381201137199158
.19284915044762896
-.3167247315633471
.31566007129446144
-.14635315700641213
-.030965774734058427
.31160563741887765
-.5451738672434475
.4355757578597833
-.11541726339071841
.017362052742102403
.007696300201157666
.007542706137519865
.007291238885764582
.007079900641279043
.006894218850106345
.006727366615744879
.006576073378623989
.006437569023030634
.006309853974816241
.006191270241244171
.0060805118451399045
.005976508541043014
.005878390757719928
.005785441133597817
.005697065124658117
.005612765475565887
.0055321232723005605
.0054547828893533636
.00538044022845793
.005308833478671248
.005239735707655221
.005172948997989088
.0051082996949851755
.005045634574532768
.004984817710081411
.004925727910464365
.004868256601684789
.004812306071753474
.004757788005381924
.004704622255127494
.004652735805344444
.004602061894314007
.004552539266910686
.004504111535522442
.004456726631007541
.004410336329154737
.0043648958404647106
.004320363453447426
.004276700223235308
.004233869698754889
.0041918376828130495
.004150572020393789
.004110042411195973
.004070220243091057
.00403107844366868
.0039925913474832455
.003954734576954488
.003917484935182781
.003880820309174097
.0038447195821941053
.0038091625541258525
.0037741298688764905
.003739602947979584
.0037055639296698292
.0036719956127754774
.0036388814048699493
.0036062052741743836
.0035739517047708694
.003542105654724709
.0035106525167634094
.003479578081185098
.0034488685007105888
.0034185102570034615
.0033884901286202547
.003358795160151088
.00332941263234467
