3.3333333333333333333333333333333333333333333333333333333333333333333333333333333333333333333333333333333333330376297586519808046975931828184377600461094e-01
2.0000000000000000000000000000000000000000000000000000000000000000000000000000000000000000000000000000000000001129050012419709670511779521801122269651966e-01
1.4285714285714285714285714285714285714285714285714285714285714285714285714285714285714285714285714285714285713854622462790396599289466492616572423245085e-01
1.1111111111111111111111111111111111111111111111111111111111111111111111111111111111111111111111111111111111111275709807136596094820220865632062429794102e-01
9.090909090909090909090909090909090909090909090909090909090909090909090909090909090909090909090909090909090909028062316062996708150615886279812073696001e-02
7.6923076923076923076923076923076923076923076923076923076923076923076923076923076923076923076923076923076923077163037336125647204734569632282283287304249e-02
6.666666666666666666666666666666666666666666666666666666666666666666666666666666666666666666666666666666666666657504541804806388298960396809260771272209e-02
5.8823529411764705882352941176470588235294117647058823529411764705882352941176470588235294117647058823529411764740865011504644109534105307818945917176033e-02
5.263157894736842105263157894736842105263157894736842105263157894736842105263157894736842105263157894736842105261822193228055285760276886837948763903455e-02
4.7619047619047619047619047619047619047619047619047619047619047619047619047619047619047619047619047619047619047624147570262988314832703483740023646945685e-02
4.3478260869565217391304347826086956521739130434782608695652173913043478260869565217391304347826086956521739130432835354595240007794339256912222949185031e-02
4.0000000000000000000000000000000000000000000000000000000000000000000000000000000000000000000000000000000000000000743497020159056195511411007982027498835e-02
3.7037037037037037037037037037037037037037037037037037037037037037037037037037037037037037037037037037037037037036753156356614474870500978608523364627244e-02
3.4482758620689655172413793103448275862068965517241379310344827586206896551724137931034482758620689655172413793103556666667323133281215085682469333340948e-02
3.225806451612903225806451612903225806451612903225806451612903225806451612903225806451612903225806451612903225806447474345207213581878525584928348166047e-02
3.0303030303030303030303030303030303030303030303030303030303030303030303030303030303030303030303030303030303030303046104797285243979374525882229619230886e-02
2.857142857142857142857142857142857142857142857142857142857142857142857142857142857142857142857142857142857142857142253802663499530791763988404685548886e-02
2.7027027027027027027027027027027027027027027027027027027027027027027027027027027027027027027027027027027027027027029330689586891915552108311837472545446e-02
2.5641025641025641025641025641025641025641025641025641025641025641025641025641025641025641025641025641025641025641024761445393297672096545897319077148799e-02
2.4390243902439024390243902439024390243902439024390243902439024390243902439024390243902439024390243902439024390243902774864123675488786595078773030997699e-02
2.3255813953488372093023255813953488372093023255813953488372093023255813953488372093023255813953488372093023255813953360142379174043324238835703166374656e-02
2.2222222222222222222222222222222222222222222222222222222222222222222222222222222222222222222222222222222222222222222271182661022367936707457873751624623e-02
2.1276595744680851063829787234042553191489361702127659574468085106382978723404255319148936170212765957446808510638297853646442454451305245257538622516562e-02
2.0408163265306122448979591836734693877551020408163265306122448979591836734693877551020408163265306122448979591836734701015256333822860078898816329263699e-02
1.9607843137254901960784313725490196078431372549019607843137254901960784313725490196078431372549019607843137254901960781588422535721923852246636211799606e-02
1.8867924528301886792452830188679245283018867924528301886792452830188679245283018867924528301886792452830188679245283019908497475120896537431144790547526e-02
1.8181818181818181818181818181818181818181818181818181818181818181818181818181818181818181818181818181818181818181818181420874884939537941547861079132861e-02
1.7543859649122807017543859649122807017543859649122807017543859649122807017543859649122807017543859649122807017543859649274508755766251956982597057137537e-02
1.6949152542372881355932203389830508474576271186440677966101694915254237288135593220338983050847457627118644067796610169433605651788687668712259432734512e-02
1.6393442622950819672131147540983606557377049180327868852459016393442622950819672131147540983606557377049180327868852459038510965914484262671105305357646e-02
1.5873015873015873015873015873015873015873015873015873015873015873015873015873015873015873015873015873015873015873015873007430829759714921847019658251882e-02
1.5384615384615384615384615384615384615384615384615384615384615384615384615384615384615384615384615384615384615384615384618610654851021925968403930744073e-02
1.4925373134328358208955223880597014925373134328358208955223880597014925373134328358208955223880597014925373134328358208953994740150194857043826102649258e-02
1.4492753623188405797101449275362318840579710144927536231884057971014492753623188405797101449275362318840579710144927536232355936502658588014977092062753e-02
1.4084507042253521126760563380281690140845070422535211267605633802816901408450704225352112676056338028169014084507042253520949104499458400491709686459928e-02
1.3698630136986301369863013698630136986301369863013698630136986301369863013698630136986301369863013698630136986301369863013768926143422889745476884859594e-02
1.3333333333333333333333333333333333333333333333333333333333333333333333333333333333333333333333333333333333333333333333333308898565901019514638069613489e-02
1.2987012987012987012987012987012987012987012987012987012987012987012987012987012987012987012987012987012987012987012987012998675168780802402005427145051e-02
1.2658227848101265822784810126582278481012658227848101265822784810126582278481012658227848101265822784810126582278481012658225646228369746251155157538108e-02
1.2345679012345679012345679012345679012345679012345679012345679012345679012345679012345679012345679012345679012345679012345681992871670679780564819490655e-02
1.2048192771084337349397590361445783132530120481927710843373493975903614457831325301204819277108433734939759036144578313253012926048781109366029344076294e-02
1.1764705882352941176470588235294117647058823529411764705882352941176470588235294117647058823529411764705882352941176470588236831245386620899218652410857e-02
1.1494252873563218390804597701149425287356321839080459770114942528735632183908045977011494252873563218390804597701149425287357449739436960817855537302243e-02
1.123595505617977528089887640449438202247191011235955056179775280898876404494382022471910112359550561797752808988764044943820337086388801750924591908163e-02
1.0989010989010989010989010989010989010989010989010989010989010989010989010989010989010989010989010989010989010989010989010989960460210766257045242470427e-02
1.0752688172043010752688172043010752688172043010752688172043010752688172043010752688172043010752688172043010752688172043010753524158921045251962834534419e-02
1.0526315789473684210526315789473684210526315789473684210526315789473684210526315789473684210526315789473684210526315789473684888315130824109182200555753e-02
1.0309278350515463917525773195876288659793814432989690721649484536082474226804123711340206185567010309278350515463917525773196390106253204766202059553774e-02
1.0101010101010101010101010101010101010101010101010101010101010101010101010101010101010101010101010101010101010101010101010101343284082878284251546737284e-02
9.9009900990099009900990099009900990099009900990099009900990099009900990099009900990099009900990099009900990099009900990099011545286731707384074455632328e-03
