-2.9570357468135252863574015051489557328722592635769939070256985669722192451189601994801934785879312104135236957611492148296010046128535738839443284505265e-110
1.1290500124197096705117795218011222696519410794186901458485742468045016308829397591014310056326279221105205566802699402754328129468282221147027868348009e-110
-4.3109182292388911499624779309771329104061156806752922027392678539891769568198259549808164127523315334897366266338471075633562287813011614144379900890084e-111
1.6459869602548498370910975452095131868294307713651995870838342552549873723097768976221244341950679375828822438758960317018703070689601299904849445979613e-111
-6.2846774846094200940293204629278835394874792306666752146913845081215678425678262100376564341024604964989509462289099289845439672025411933077879543916344e-112
2.3996041304872412781149270920536021038107787763745081094425840163478434276787360675041645049996332663120637242361304972847172997698883478110137765223782e-112
-9.1621248618602783677062698574058953944556365740502947958914809533236415175702937473977418759904096659991041729006054421505853393544704970200516452701523e-113
3.4982658563467638945870013701298858352790697921242397356028364098904885294191953344891950836854292784081919537484965107251486528872754448463675534807225e-113
-1.3357015087868195028810078988933413596627385470822058990785746600106460306818321258078502078279232965034965509999847333612990078563114065511752261293038e-113
5.0999512153692672136558646924045993260848997360464346619453504705841402008983625312020171707862933668764284660979595203974456235752434812307061220348166e-114
-1.947254100412166118704221348646616031934865970507370765479589994078430818561705757858214093603675677697798712520884468327632521510163570687080945390182e-114
7.4349702015905619551141100798202749854211161275533764327770049619508291299910385830759894174111262666321965383306223080105446988972495962384208515625178e-115
-2.8388068042256216653605842851367241015498776371805089551885325169500887549654967505030323738802556724131718165993972904138434939736475745170068419877497e-115
1.0839080525416776397370637212450575434097230232708416054682347221924986612532385659365032467387262209890026020997924644794217224494586341376423499819181e-115
-4.1385580185928697343776408781034468246572592350856683970575953214805237827119386468626433764590937243217263597306652436380034543575926734940993086718343e-116
1.580176698221367634422285192658892755897305604000556094795804709497776594703199594327119994712079089998069511240224133347589885339451726508274341388224e-116
-6.0334019364332635109315445245730824723996410753070259725159683317984731963831310028777444768189119252829700835403230259915971189157363477652724317100917e-117
2.3036625598648885250812848104455181708498273768715334005555540053627446354595151752337687131760859252458519791241435676850927169305656404543451160537141e-117
-8.7958024772796892909512832194849205464245254733718075643712115826924202488109456010540353606795211724788144032946150451228909191593415674344673371042024e-118
3.3583973343158634757068852912855898743902396739654916819201011607611423208622736652765546486346019420220944979980906656277284481777739724922141055873954e-118
-1.2822971384921248971465266892664896249525153309629109387418373271005776804236990789620468224629030412388822927160479418450216973180899342972450868232618e-118
4.8960438800145714485235651529402305599899530329444379140004124856412146034112168387029884227003051316648366395825795458500962492566717201537129061385471e-119
-1.8693983077463588371763737973227884601896438471413050380600786906060188974936558958457899309689455472193886745335005718612746049797343926143848785383248e-119
7.1377053134146968135926938802837832083775065633195139300894159818628198302886105448739992946767729181159287277239207582027755070515523834443088217712545e-120
-2.7253029544741545791259128078078361692879801848826923214737302739809620268797639124608712095472480227838477564862741098283537211919625073022526398212711e-120
1.0405729468190097449783146018679114053770783210780861307649181677150495114487113203683820695737842729939167029428773483171019357950892449864499509421166e-120
-3.9730693324228024027032073904864620868391419346804012022369003221752818710058241341721000096964574260190176311276654150698008058098987594180919255795706e-121
1.5170173822239230785979003959350546619175598253702634482947280105411518440159742785959280787125763978830122274336933775425495487612459674603605900110281e-121
-5.7919771940125890609774465570624558614488708161829768357191581852004721889338788432275412664786951369168521924198534353693029434731268023474745930622611e-122
2.2117523291533442998974157816592097626303640043288767635917348964668786497761574257405427397891141909661827858270360611846594796743731287682672072118687e-122
-8.442186113300951168853357621114619142971286005306184033095065431138650532410450781458735572984870069250584523006941307332136233362260751272359960703331e-123
3.2260394664065413530193153594386081060199389239358502184880050034277031977104266801711185071779821612099440465785482645802373682683372931824890411707109e-123
-1.2291404468200683293082257090969450401925440381155601181313135378332511708643535103172116214348370135260792126294091201924251772387796219636291052554598e-123
4.7187853164409526135390365689417272030463549075388778070574569925522125849883634485561150742380038457119784588751414139712748559480042958396594338549996e-124
-1.7765606392188119843115861036542232248093328458290116714973918724917458085210825770143556608201081230350933906432339494928933299370614551001680413379808e-124
7.029600643658837561387116109728408604570534869795460673396841914328783668282047802338669390900281553315382004539319572925444716431100467433920474187149e-125
-2.44347674323138186952637198402947263367578929830148329701619159142470830235545097795454808688155479177194660729904442772002310154697498012900855164939e-125
1.1662181767815389018414157998588963601603568689810309681251998568901082551633739727219010750028677321304700954537932605169730665241204210380604486724286e-125
-2.201872896076533654969044282885958880157932706992010390777819462625285126207940957850219363654249333308733154206929920647213537731793980036417738389391e-126
2.9805259916674348858071450588459135834800593276276609538046773870790935015290005864155076427705864591729290609377702389047909154248960866351663989402958e-126
8.7785601002502867994648626341543367471048879726895682481587643854192272397861917002591188717704075914635994960531657328475781828967879481115499989034381e-127
1.5371277395620756892406462086155280096160362794694309578871327079525096589038759696689316404100855021810824219786204796325991084520183490659677275724338e-126
1.1279003565010477405947739853797822382244533393066112111284324430115724138765398820384256898497395788381794070134247292356351497263731233371723739113236e-126
1.1236728767815541897393058482380311804611337792766572798221305724790276166679824612461583902694105347715038558799372654666251056561227584744792674463537e-126
9.4947119977724605623148105356770723836735372982617041060876379781350672911376512139789355222535782517543989556039098203772872167224417503354415478686044e-127
8.3598687803449927466249171711427987833017281081259298041011485451305797679590618686391690457821670823808173686540662296997477798467030783746931393105178e-127
6.7778881503463549799002945604755602621199080435451711081783253435765079223198181326275726762677618786564399167702568037990353262239527926532978371938418e-127
5.1381759341095176906986307146330358028345708825707207213052526148908835925623485343611466683806204060119547243085683183901186643529805196851788878450516e-127
3.3318307277727415053663678626099774121201749559558813011393671296859711591453313096854783762577189337508616790976062389051056519100925077914320783812049e-127
1.6442966326974830843566255123708687007280030002707002849760967839908477534995477217492248108297236280395996639314476363785858212611141952142710773807003e-127
