3.33333333333333333333333333333333333333333333333333333333333333333333333333333333333333333333333333333333333333333333333333333333333333333333333333333333333333333333333333333333333333333333333333333333333333333333333329180602872322701319860753517320402813948194215418679522671686930792902311340739199942e-01
2.00000000000000000000000000000000000000000000000000000000000000000000000000000000000000000000000000000000000000000000000000000000000000000000000000000000000000000000000000000000000000000000000000000000000000000000000001585587994204059496053166838841300743788992202801049686963359264000962194886111495548e-01
1.42857142857142857142857142857142857142857142857142857142857142857142857142857142857142857142857142857142857142857142857142857142857142857142857142857142857142857142857142857142857142857142857142857142857142857142857142251736532083125335273206427767087768002864266880636635132913026907666038189686775188e-01
1.11111111111111111111111111111111111111111111111111111111111111111111111111111111111111111111111111111111111111111111111111111111111111111111111111111111111111111111111111111111111111111111111111111111111111111111111111342266253406645074006795929600041236126008785274937117468868572214073491273578038301e-01
9.09090909090909090909090909090909090909090909090909090909090909090909090909090909090909090909090909090909090909090909090909090909090909090909090909090909090909090909090909090909090909090909090909090909090909090909090908208316729417052141671021602133175887243892275361762494278678808214185387049891351142e-02
7.69230769230769230769230769230769230769230769230769230769230769230769230769230769230769230769230769230769230769230769230769230769230769230769230769230769230769230769230769230769230769230769230769230769230769230769230769567759041520736480427453544665489233290232864882663796284427236761968092827255742297e-02
6.66666666666666666666666666666666666666666666666666666666666666666666666666666666666666666666666666666666666666666666666666666666666666666666666666666666666666666666666666666666666666666666666666666666666666666666666666537997829834273576937023564997186163601314252340368202515240273068658568035022525923e-02
5.88235294117647058823529411764705882352941176470588235294117647058823529411764705882352941176470588235294117647058823529411764705882352941176470588235294117647058823529411764705882352941176470588235294117647058823529411813833983688945810730997419567919295303070506089051209297560054251148207729935014623e-02
5.26315789473684210526315789473684210526315789473684210526315789473684210526315789473684210526315789473684210526315789473684210526315789473684210526315789473684210526315789473684210526315789473684210526315789473684210526297031471355917847779996876052395353366217299249352601658135860618900164387657429012e-02
4.76190476190476190476190476190476190476190476190476190476190476190476190476190476190476190476190476190476190476190476190476190476190476190476190476190476190476190476190476190476190476190476190476190476190476190476190476197638336819720407995051545935610817011924754304465301673973288756667521520984966959e-02
4.34782608695652173913043478260869565217391304347826086956521739130434782608695652173913043478260869565217391304347826086956521739130434782608695652173913043478260869565217391304347826086956521739130434782608695652173913040743623174762879793193757559762828656927650610299997529457961316378748381140120636e-02
4.0000000000000000000000000000000000000000000000000000000000000000000000000000000000000000000000000000000000000000000000000000000000000000000000000000000000000000000000000000000000000000000000000000000000000000000000000000104413439256089253746040719259648767168114446574975399340883695971959817455523367e-02
3.70370370370370370370370370370370370370370370370370370370370370370370370370370370370370370370370370370370370370370370370370370370370370370370370370370370370370370370370370370370370370370370370370370370370370370370370370369971700875028938674249123987742623223526186790560170120869541044557538771998171509e-02
3.44827586206896551724137931034482758620689655172413793103448275862068965517241379310344827586206896551724137931034482758620689655172413793103448275862068965517241379310344827586206896551724137931034482758620689655172413793255667537719706522218080907222760279371426965435030882280355769725394986097511104e-02
3.22580645161290322580645161290322580645161290322580645161290322580645161290322580645161290322580645161290322580645161290322580645161290322580645161290322580645161290322580645161290322580645161290322580645161290322580645161232202498844972405036805552685643887289889520119280421611805712189656419570837062e-02
3.03030303030303030303030303030303030303030303030303030303030303030303030303030303030303030303030303030303030303030303030303030303030303030303030303030303030303030303030303030303030303030303030303030303030303030303030303030325221606990375150139417156521007705951383941306914618192024744314034301540780737e-02
2.85714285714285714285714285714285714285714285714285714285714285714285714285714285714285714285714285714285714285714285714285714285714285714285714285714285714285714285714285714285714285714285714285714285714285714285714285714277241242384076359439093850745111065027130183301831338003710739820405204254181739e-02
2.70270270270270270270270270270270270270270270270270270270270270270270270270270270270270270270270270270270270270270270270270270270270270270270270270270270270270270270270270270270270270270270270270270270270270270270270270270273505432269077478484434436349413386617851285361446865932065487182797555776347275e-02
2.56410256410256410256410256410256410256410256410256410256410256410256410256410256410256410256410256410256410256410256410256410256410256410256410256410256410256410256410256410256410256410256410256410256410256410256410256410255175012737984567120093029361860190357566816860591978231797036363006431130087035e-02
2.43902439024390243902439024390243902439024390243902439024390243902439024390243902439024390243902439024390243902439024390243902439024390243902439024390243902439024390243902439024390243902439024390243902439024390243902439024390715540932073639441405380261054682860215602197760255836259341691231304729734345e-02
2.32558139534883720930232558139534883720930232558139534883720930232558139534883720930232558139534883720930232558139534883720930232558139534883720930232558139534883720930232558139534883720930232558139534883720930232558139534883540850080666608023109870639874002194580011412546378936898560756110509428861017e-02
2.22222222222222222222222222222222222222222222222222222222222222222222222222222222222222222222222222222222222222222222222222222222222222222222222222222222222222222222222222222222222222222222222222222222222222222222222222222222290980098398988799444965060363532135818486708261391964726025372281389500952824e-02
2.12765957446808510638297872340425531914893617021276595744680851063829787234042553191489361702127659574468085106382978723404255319148936170212765957446808510638297872340425531914893617021276595744680851063829787234042553191489335449120392081774963695481147505534386587390692122880696826562093134302449900e-02
2.04081632653061224489795918367346938775510204081632653061224489795918367346938775510204081632653061224489795918367346938775510204081632653061224489795918367346938775510204081632653061224489795918367346938775510204081632653061234513671420500920676041490907993695894165639181598981861618315007224779547292e-02
1.96078431372549019607843137254901960784313725490196078431372549019607843137254901960784313725490196078431372549019607843137254901960784313725490196078431372549019607843137254901960784313725490196078431372549019607843137254901956957015806493740651475270830565986811899887285323962439499754473664494042333e-02
1.88679245283018867924528301886792452830188679245283018867924528301886792452830188679245283018867924528301886792452830188679245283018867924528301886792452830188679245283018867924528301886792452830188679245283018867924528301886793914162121386982809674834040218920999687555678775597356209783243702335475774e-02
1.81818181818181818181818181818181818181818181818181818181818181818181818181818181818181818181818181818181818181818181818181818181818181818181818181818181818181818181818181818181818181818181818181818181818181818181818181818181817623855080238863853458631124595288061430527795050606975353262978427827272324e-02
1.75438596491228070175438596491228070175438596491228070175438596491228070175438596491228070175438596491228070175438596491228070175438596491228070175438596491228070175438596491228070175438596491228070175438596491228070175438596491441110632405245168667832511655165754470944688838115481110021173472282336238e-02
1.69491525423728813559322033898305084745762711864406779661016949152542372881355932203389830508474576271186440677966101694915254237288135593220338983050847457627118644067796610169491525423728813559322033898305084745762711864406779579674229219821968767992136492586914146528516011597382536149865019912068964e-02
1.63934426229508196721311475409836065573770491803278688524590163934426229508196721311475409836065573770491803278688524590163934426229508196721311475409836065573770491803278688524590163934426229508196721311475409836065573770491803309746654019020815996786599359128895722090856811609753681094155447997418816e-02
1.58730158730158730158730158730158730158730158730158730158730158730158730158730158730158730158730158730158730158730158730158730158730158730158730158730158730158730158730158730158730158730158730158730158730158730158730158730158730146871600220958829922699275009027285054403702821313343720187369764005164219e-02
1.53846153846153846153846153846153846153846153846153846153846153846153846153846153846153846153846153846153846153846153846153846153846153846153846153846153846153846153846153846153846153846153846153846153846153846153846153846153846158373967095121080789421587946947871096746663121207707669288796505385782095e-02
1.49253731343283582089552238805970149253731343283582089552238805970149253731343283582089552238805970149253731343283582089552238805970149253731343283582089552238805970149253731343283582089552238805970149253731343283582089552238805968420452309010339448506210557414074782863281786377573725930694582943227771e-02
1.44927536231884057971014492753623188405797101449275362318840579710144927536231884057971014492753623188405797101449275362318840579710144927536231884057971014492753623188405797101449275362318840579710144927536231884057971014492753623848493612901300671821418971833981185676193184541078424238559210680090508e-02
1.40845070422535211267605633802816901408450704225352112676056338028169014084507042253521126760563380281690140845070422535211267605633802816901408450704225352112676056338028169014084507042253521126760563380281690140845070422535211267353600273147867238893599415756445762798835099632867030643609923308308298e-02
1.36986301369863013698630136986301369863013698630136986301369863013698630136986301369863013698630136986301369863013698630136986301369863013698630136986301369863013698630136986301369863013698630136986301369863013698630136986301369863109929614192435711564400241986170093398738260404839871205697230021832151e-02
1.3333333333333333333333333333333333333333333333333333333333333333333333333333333333333333333333333333333333333333333333333333333333333333333333333333333333333333333333333333333333333333333333333333333333333333333333333333333333333329659059396670719489542552450823457682813947147830450005691002160033585e-02
1.29870129870129870129870129870129870129870129870129870129870129870129870129870129870129870129870129870129870129870129870129870129870129870129870129870129870129870129870129870129870129870129870129870129870129870129870129870129870129884158916069854655455519403797587167823721382746333433129660092708370719e-02
1.2658227848101265822784810126582278481012658227848101265822784810126582278481012658227848101265822784810126582278481012658227848101265822784810126582278481012658227848101265822784810126582278481012658227848101265822784810126582278480477003746503237561654032841121243799526852881437920084621717708005031e-02
1.2345679012345679012345679012345679012345679012345679012345679012345679012345679012345679012345679012345679012345679012345679012345679012345679012345679012345679012345679012345679012345679012345679012345679012345679012345679012345679216868299162202729695641453867035351663738993266164628493465291301856e-02
1.2048192771084337349397590361445783132530120481927710843373493975903614457831325301204819277108433734939759036144578313253012048192771084337349397590361445783132530120481927710843373493975903614457831325301204819277108433734939759036066487858286702992478022194975906244989335183136728866457841408786912e-02
1.17647058823529411764705882352941176470588235294117647058823529411764705882352941176470588235294117647058823529411764705882352941176470588235294117647058823529411764705882352941176470588235294117647058823529411764705882352941176470588533457672972966127174592213470392599782880549225460248788550200062169e-02
1.14942528735632183908045977011494252873563218390804597701149425287356321839080459770114942528735632183908045977011494252873563218390804597701149425287356321839080459770114942528735632183908045977011494252873563218390804597701149425287242477572501476981457560845841542069756471878832801882285048981420584e-02
1.12359550561797752808988764044943820224719101123595505617977528089887640449438202247191011235955056179775280898876404494382022471910112359550561797752808988764044943820224719101123595505617977528089887640449438202247191011235955056179818748709752016104603937116531354418025814159498151441273154656963886e-02
1.09890109890109890109890109890109890109890109890109890109890109890109890109890109890109890109890109890109890109890109890109890109890109890109890109890109890109890109890109890109890109890109890109890109890109890109890109890109890109890093293309373967275305257151754419404469911537688748759714946270517544e-02
1.07526881720430107526881720430107526881720430107526881720430107526881720430107526881720430107526881720430107526881720430107526881720430107526881720430107526881720430107526881720430107526881720430107526881720430107526881720430107526881726767067723954355181203299209496563480214046002188847167160598297123e-02
1.05263157894736842105263157894736842105263157894736842105263157894736842105263157894736842105263157894736842105263157894736842105263157894736842105263157894736842105263157894736842105263157894736842105263157894736842105263157894736842102843591274036381571529898346297787989571110545160287920494757232016e-02
1.03092783505154639175257731958762886597938144329896907216494845360824742268041237113402061855670103092783505154639175257731958762886597938144329896907216494845360824742268041237113402061855670103092783505154639175257731958762886597938145253731435120307056874405048308945532116374818119067456204543803404e-02
1.01010101010101010101010101010101010101010101010101010101010101010101010101010101010101010101010101010101010101010101010101010101010101010101010101010101010101010101010101010101010101010101010101010101010101010101010101010101010101010100657364190355918173516635652739032014909308376740125107165473074657e-02
9.90099009900990099009900990099009900990099009900990099009900990099009900990099009900990099009900990099009900990099009900990099009900990099009900990099009900990099009900990099009900990099009900990099009900990099009900990099009900990099011247803410763888429060565003079024606444633392981419009875745759355e-03
9.70873786407766990291262135922330097087378640776699029126213592233009708737864077669902912621359223300970873786407766990291262135922330097087378640776699029126213592233009708737864077669902912621359223300970873786407766990291262135922329582849568698345211616985738390157169994879825144645072882363822847e-03
9.52380952380952380952380952380952380952380952380952380952380952380952380952380952380952380952380952380952380952380952380952380952380952380952380952380952380952380952380952380952380952380952380952380952380952380952380952380952380952380952577297726566763965263645266467686169064082792885130132429065842601e-03
9.34579439252336448598130841121495327102803738317757009345794392523364485981308411214953271028037383177570093457943925233644859813084112149532710280373831775700934579439252336448598130841121495327102803738317757009345794392523364485981308336246730400081877958224824388865936408409115108560834220265536837e-03
9.17431192660550458715596330275229357798165137614678899082568807339449541284403669724770642201834862385321100917431192660550458715596330275229357798165137614678899082568807339449541284403669724770642201834862385321100917431192660550458715624954505780082778124523428147603399963175299068901244283916218201e-03
9.00900900900900900900900900900900900900900900900900900900900900900900900900900900900900900900900900900900900900900900900900900900900900900900900900900900900900900900900900900900900900900900900900900900900900900900900900900900900900900900889971649236078718854210045287463136668529932739636472176506127403e-03
8.84955752212389380530973451327433628318584070796460176991150442477876106194690265486725663716814159292035398230088495575221238938053097345132743362831858407079646017699115044247787610619469026548672566371681415929203539823008849557522123897978296733809100275304983777671643295181026767899217701109941594e-03
8.69565217391304347826086956521739130434782608695652173913043478260869565217391304347826086956521739130434782608695652173913043478260869565217391304347826086956521739130434782608695652173913043478260869565217391304347826086956521739130434781015373343351954409404893184235491235376942545389491878040147409e-03
8.54700854700854700854700854700854700854700854700854700854700854700854700854700854700854700854700854700854700854700854700854700854700854700854700854700854700854700854700854700854700854700854700854700854700854700854700854700854700854700854701463060281705687142287485052032129087956293584070992068237861800e-03
8.4033613445378151260504201680672268907563025210084033613445378151260504201680672268907563025210084033613445378151260504201680672268907563025210084033613445378151260504201680672268907563025210084033613445378151260504201680672268907563025210060805344414293020871270603100032141496873040092491814503993354e-03
8.26446280991735537190082644628099173553719008264462809917355371900826446280991735537190082644628099173553719008264462809917355371900826446280991735537190082644628099173553719008264462809917355371900826446280991735537190082644628099173553719096954217292327569011416655605168752248836310633256055233261535e-03
8.13008130081300813008130081300813008130081300813008130081300813008130081300813008130081300813008130081300813008130081300813008130081300813008130081300813008130081300813008130081300813008130081300813008130081300813008130081300813008130081300779144769279011159629171665445897591674509060597235488284570583e-03
8.00000000000000000000000000000000000000000000000000000000000000000000000000000000000000000000000000000000000000000000000000000000000000000000000000000000000000000000000000000000000000000000000000000000000000000000000000000000000000000000000012929646851868858877065153580204900758992988039572897261291981e-03
7.8740157480314960629921259842519685039370078740157480314960629921259842519685039370078740157480314960629921259842519685039370078740157480314960629921259842519685039370078740157480314960629921259842519685039370078740157480314960629921259842519191361944834100652779835253303110494874089074394906622708295e-03
7.75193798449612403100775193798449612403100775193798449612403100775193798449612403100775193798449612403100775193798449612403100775193798449612403100775193798449612403100775193798449612403100775193798449612403100775193798449612403100775193798451497353269976611123764125780115653648028317964470560397318701e-03
7.63358778625954198473282442748091603053435114503816793893129770992366412213740458015267175572519083969465648854961832061068702290076335877862595419847328244274809160305343511450381679389312977099236641221374045801526717557251908396946564885495463497860533173717980769129634948537128774884370629339003261e-03
7.51879699248120300751879699248120300751879699248120300751879699248120300751879699248120300751879699248120300751879699248120300751879699248120300751879699248120300751879699248120300751879699248120300751879699248120300751879699248120300751879699522917994893333119078258784843267611670507551995250597666393e-03
7.40740740740740740740740740740740740740740740740740740740740740740740740740740740740740740740740740740740740740740740740740740740740740740740740740740740740740740740740740740740740740740740740740740740740740740740740740740740740740740740740740635817984880882318008699761187333748721396582142639467614452e-03
7.29927007299270072992700729927007299270072992700729927007299270072992700729927007299270072992700729927007299270072992700729927007299270072992700729927007299270072992700729927007299270072992700729927007299270072992700729927007299270072992700729967068715228817424588689806303323815658046652593005458322928e-03
7.19424460431654676258992805755395683453237410071942446043165467625899280575539568345323741007194244604316546762589928057553956834532374100719424460431654676258992805755395683453237410071942446043165467625899280575539568345323741007194244604316531466413009979461671602541674948928308916907118767157545569e-03
7.09219858156028368794326241134751773049645390070921985815602836879432624113475177304964539007092198581560283687943262411347517730496453900709219858156028368794326241134751773049645390070921985815602836879432624113475177304964539007092198581560289528301806076858095864572879465188053779490131080109031467e-03
6.9930069930069930069930069930069930069930069930069930069930069930069930069930069930069930069930069930069930069930069930069930069930069930069930069930069930069930069930069930069930069930069930069930069930069930069930069930069930069930069930069929846934570223135795937959753654930297135182639543657107545e-03
6.89655172413793103448275862068965517241379310344827586206896551724137931034482758620689655172413793103448275862068965517241379310344827586206896551724137931034482758620689655172413793103448275862068965517241379310344827586206896551724137931034483610058134857718938460772327095966660751825095273105587378e-03
6.80272108843537414965986394557823129251700680272108843537414965986394557823129251700680272108843537414965986394557823129251700680272108843537414965986394557823129251700680272108843537414965986394557823129251700680272108843537414965986394557823128926606464589067747827110968877152147891486646094860542898e-03
6.71140939597315436241610738255033557046979865771812080536912751677852348993288590604026845637583892617449664429530201342281879194630872483221476510067114093959731543624161073825503355704697986577181208053691275167785234899328859060402684563758389385871929424804515594126245305172818935701744069395826225e-03
6.62251655629139072847682119205298013245033112582781456953642384105960264900662251655629139072847682119205298013245033112582781456953642384105960264900662251655629139072847682119205298013245033112582781456953642384105960264900662251655629139072847634725353266326110825615157171064099169034725813145026575e-03
6.53594771241830065359477124183006535947712418300653594771241830065359477124183006535947712418300653594771241830065359477124183006535947712418300653594771241830065359477124183006535947712418300653594771241830065359477124183006535947712418300653594789337742634471057463618085311169002134496914546114847806e-03
6.45161290322580645161290322580645161290322580645161290322580645161290322580645161290322580645161290322580645161290322580645161290322580645161290322580645161290322580645161290322580645161290322580645161290322580645161290322580645161290322580645161283413308779417621227468595529113168946786315209556808432e-03
6.36942675159235668789808917197452229299363057324840764331210191082802547770700636942675159235668789808917197452229299363057324840764331210191082802547770700636942675159235668789808917197452229299363057324840764331210191082802547770700636942675159238306950678269758587154030245634471456607285704307656343e-03
6.28930817610062893081761006289308176100628930817610062893081761006289308176100628930817610062893081761006289308176100628930817610062893081761006289308176100628930817610062893081761006289308176100628930817610062893081761006289308176100628930817610061885857370392194751493741334462340877511220590422246002e-03
6.21118012422360248447204968944099378881987577639751552795031055900621118012422360248447204968944099378881987577639751552795031055900621118012422360248447204968944099378881987577639751552795031055900621118012422360248447204968944099378881987577639751937443384762079374236803849913986850133531263183174393e-03
6.13496932515337423312883435582822085889570552147239263803680981595092024539877300613496932515337423312883435582822085889570552147239263803680981595092024539877300613496932515337423312883435582822085889570552147239263803680981595092024539877300613496785719338432599033030870333129189352058947004588245651e-03
6.06060606060606060606060606060606060606060606060606060606060606060606060606060606060606060606060606060606060606060606060606060606060606060606060606060606060606060606060606060606060606060606060606060606060606060606060606060606060606060606060606060606116723351311285695927183922019613035889312383311153136e-03
5.9880239520958083832335329341317365269461077844311377245508982035928143712574850299401197604790419161676646706586826347305389221556886227544910179640718562874251497005988023952095808383233532934131736526946107784431137724550898203592814371257485029937983661304911567703932147834409124258319227208453438e-03
5.91715976331360946745562130177514792899408284023668639053254437869822485207100591715976331360946745562130177514792899408284023668639053254437869822485207100591715976331360946745562130177514792899408284023668639053254437869822485207100591715976331360954965081417749954912848209077683582059506577964139238e-03
5.84795321637426900584795321637426900584795321637426900584795321637426900584795321637426900584795321637426900584795321637426900584795321637426900584795321637426900584795321637426900584795321637426900584795321637426900584795321637426900584795321637426897507472271834510412318545984091921294353223302087783e-03
5.78034682080924855491329479768786127167630057803468208092485549132947976878612716763005780346820809248554913294797687861271676300578034682080924855491329479768786127167630057803468208092485549132947976878612716763005780346820809248554913294797687861272910077926255406469937956934720522983315348034961381e-03
5.71428571428571428571428571428571428571428571428571428571428571428571428571428571428571428571428571428571428571428571428571428571428571428571428571428571428571428571428571428571428571428571428571428571428571428571428571428571428571428571428571428571428156406835018260753241453250253065086375686695722682e-03
5.6497175141242937853107344632768361581920903954802259887005649717514124293785310734463276836158192090395480225988700564971751412429378531073446327683615819209039548022598870056497175141242937853107344632768361581920903954802259887005649717514124293785331932057859464825136853289506642226330046702835145e-03
5.58659217877094972067039106145251396648044692737430167597765363128491620111731843575418994413407821229050279329608938547486033519553072625698324022346368715083798882681564245810055865921787709497206703910614525139664804469273743016759776536312849162011142614881535824551552710068420945959079090724863116e-03
5.52486187845303867403314917127071823204419889502762430939226519337016574585635359116022099447513812154696132596685082872928176795580110497237569060773480662983425414364640883977900552486187845303867403314917127071823204419889502762430939226519337016574644732624566211571005557014110865960681277150266558e-03
5.46448087431693989071038251366120218579234972677595628415300546448087431693989071038251366120218579234972677595628415300546448087431693989071038251366120218579234972677595628415300546448087431693989071038251366120218579234972677595628415300546448087431715383632386391008085868171987347565545818706228037e-03
5.40540540540540540540540540540540540540540540540540540540540540540540540540540540540540540540540540540540540540540540540540540540540540540540540540540540540540540540540540540540540540540540540540540540540540540540540540540540540540540540540540540540540573191806144569192706241943030667206510150076293351e-03
5.34759358288770053475935828877005347593582887700534759358288770053475935828877005347593582887700534759358288770053475935828877005347593582887700534759358288770053475935828877005347593582887700534759358288770053475935828877005347593582887700534759358288794830401960846304558312668049476995915529933123714e-03
5.29100529100529100529100529100529100529100529100529100529100529100529100529100529100529100529100529100529100529100529100529100529100529100529100529100529100529100529100529100529100529100529100529100529100529100529100529100529100529100529100529100529100553651536787451173663281726776291152200711527553361e-03
5.23560209424083769633507853403141361256544502617801047120418848167539267015706806282722513089005235602094240837696335078534031413612565445026178010471204188481675392670157068062827225130890052356020942408376963350785340314136125654450261780104712041884837530449212739183461112026618146307672524867504168e-03
5.18134715025906735751295336787564766839378238341968911917098445595854922279792746113989637305699481865284974093264248704663212435233160621761658031088082901554404145077720207253886010362694300518134715025906735751295336787564766839378238341968911917098464328458523316066195409231847288197930717709120802e-03
5.12820512820512820512820512820512820512820512820512820512820512820512820512820512820512820512820512820512820512820512820512820512820512820512820512820512820512820512820512820512820512820512820512820512820512820512820512820512820512820512820512820512820528037844600736705138078677683512217395378027140997e-03
5.07614213197969543147208121827411167512690355329949238578680203045685279187817258883248730964467005076142131979695431472081218274111675126903553299492385786802030456852791878172588832487309644670050761421319796954314720812182741116751269035532994923857880518028052632807547883819527163403466946154735481e-03
5.02512562814070351758793969849246231155778894472361809045226130653266331658291457286432160804020100502512562814070351758793969849246231155778894472361809045226130653266331658291457286432160804020100502512562814070351758793969849246231155778894472361809053746946888099158818951467522568864189786591656551e-03
4.97512437810945273631840796019900497512437810945273631840796019900497512437810945273631840796019900497512437810945273631840796019900497512437810945273631840796019900497512437810945273631840796019900497512437810945273631840796019900497512437810945273631845744988803859741863866120099485638875399646871819e-03
