7.3382031055419791e+18
-2.8018593675705743e+18
1.0698008494360371e+18
-4.0846941523921408e+17
1.559610494549727e+17
-5.9548764337353208e+16
2.2736800928807596e+16
-8.681323990999257e+15
3.314687342017897e+15
-1.265607894225016e+15
4.8323210506773344e+14
-1.8450680375313444e+14
7.0448052342105891e+13
-2.6898347257894977e+13
1.027027804392358e+13
-3.9213788894980542e+12
1.4972537578083828e+12
-5.7167870752680432e+11
2.1827732469208282e+11
-8.3342251246039825e+10
3.1821586839423195e+10
-1.2150060429573606e+10
4.6391139822234821e+09
-1.7712980659188194e+09
6.7631380700673759e+08
-2.5822890811171681e+08
9.859649220488438e+07
-3.7645933371838287e+07
1.4373901847124934e+07
-5.4882170558545459e+06
2.0955010695845394e+06
-8.001003976102341e+05
3.0549288877625082e+05
-1.1664273072444496e+05
4.4536322953298491e+04
-1.7004771292177022e+04
6.4927364106447321e+03
-2.4790402563158982e+03
9.4654620682129178e+02
-3.6140597594213153e+02
1.3799296112245855e+02
-5.2687623112667389e+01
2.0116694605329869e+01
-7.682323516720067
2.9308278901797444
-1.1225024798753762
4.2407545052403028e-01
-1.6751889698004097e-01
5.7249582316154513e-02
-2.9719576204091713e-02
2.2971246026373127e-03
-1.1164903119209812e-02
-7.3173534894713788e-03
-1.0142318232532532e-02
-1.0492437123226783e-02
-1.1871983564362365e-02
-1.2952880192135918e-02
-1.4264610489928997e-02
-1.5607378810004291e-02
-1.7119078413096345e-02
-1.8663361587566318e-02
-2.0506323090342282e-02
-2.2505149258316814e-02
-2.4468551363058477e-02
-2.8129203796903979e-02
-2.7069585350024794e-02
-2.3636225342323347e-02
-6.4680649908947063e-02
-5.5058555558231692e-02
-5.1854608519182444e-02
2.0648729602751548e-02
-1.4773809092045331e-01
1.2115468427790965e-01
-7.5035072610030984e-01
1.3078924871165363
-6.8104637824650649e-01
-1.5621450897084777
1.2153932383992294
-1.548185919731689
-1.2308441955196829
2.9660815846632516
-4.9271351325439001
5.8203495334069588
8.4254704682772674e-01
-1.5178165030301793
3.7757311999141718e-01
1.1350530935562086e-01
1.1061808849474808e-01
1.0499197230012181e-01
9.9314763397980066e-02
9.3840120688467588e-02
8.8682799768517118e-02
8.3886030861839878e-02
7.9451280072046382e-02
7.5361136325674982e-02
7.1589243004318792e-02
6.8106778322161388e-02
6.4885272087037871e-02
6.1898112386888693e-02
5.912108217987555e-02
5.6532484957199092e-02
5.411304539410855e-02
5.1845715171621176e-02
4.971544226038227e-02
4.7708940292926938e-02
4.5814470878297486e-02
4.4021647089681037e-02
4.2321259307206427e-02
4.0705122810332117e-02
3.9165945581174588e-02
3.7697214004696278e-02
3.6293094294869377e-02
3.4948347551220227e-02
3.3658256504400796e-02
3.2418562314521226e-02
3.1225409932617687e-02
3.0075300793950932e-02
2.896505177013875e-02
2.7891759469574229e-02
2.6852769118908659e-02
2.5845647371490976e-02
2.4868158487770131e-02
2.391824341765636e-02
2.2994001385026497e-02
2.2093673634019373e-02
2.1215629047036222e-02
2.0358351386644546e-02
1.9520427949102359e-02
1.8700539447554121e-02
1.7897450968245021e-02
1.7110003864827084e-02
1.6337108474075768e-02
1.5577737552004089e-02
1.4830920342530085e-02
1.4095737202300729e-02
1.3371314714829774e-02
1.2656821235506932e-02
1.1951462816002900e-02
1.1254479462828426e-02
1.0565141689863999e-02
9.8827473293210399e-03
9.2066185693213676e-03
8.5360991896514804e-03
7.8705519700625892e-03
7.209356247873222e-03
6.5519056037268708e-03
5.8976056560453571e-03
5.2458719461907499e-03
4.5961278975330533e-03
3.947802832569014e-03
