29466677835416890
-11250913355340990
4295803281130196
-1640215798249712.2
626264213877162.5
-239119063480371.1
91300006056141.8
-34860002312344.96
13310182701077.236
-5082069758593.062
1940426635099.2302
-740890169765.104
282885337546.7283
-108010765245.06581
41240474002.70693
-15746362800.990934
6012247614.963951
-2295585452.9483004
876496263.8889475
-334662209.8143268
127780116.50712961
-48788771.72616594
18628440.143388446
-7112677.11712545
2715749.472120678
-1036922.4993642464
395915.8887795592
-151167.8603207292
57718.661224726144
-22038.011420863862
8414.535583936497
-3212.8012322778004
1226.7267245544936
-468.3663760205649
178.85041622516778
-68.26926438496189
26.08501012567933
-9.94165321183127
3.813520864363605
-1.4388927767348167
.5661574270564751
-.19980426848016913
.09227514028389151
-.01960764990448438
.022765667076165837
.006256154022468826
.012243181914706868
.009653755674233528
.010351309018141333
.009805430322439293
.00974523368844343
.009509884684663919
.00935112154572917
.009172289182832236
.009009792540366818
.008849272509184764
.008695768933564508
.0085469943543115
.008403336849813935
.008264602471967584
.00812976919688472
.008000800918478296
.007872203888109712
.007755793009809452
.0076266256559539836
.007529451098160184
.007394631237089991
.007310121678617385
.007188905811112543
.007093702769843187
.006992520767886336
.006896641812514321
.006800977722975308
.006713598745610514
.006622557171238577
.006537409032883062
.006451488600056208
.006370865480714557
.006288245803714717
.006211651850024773
.006132164140433947
.0060599995574198914
.005984063843191989
.0059207224469594935
.005844619688518225
.005795798668644273
.005692284561649588
.005665672700928913
.005579431448014303
.005527075740587359
.005463996167328737
.005405487314598736
.00534758369222843
.005291004892202504
.005235599690509344
.0051813440284695636
.00512820139411008
.005076137926236138
.00502512105740167
.004975119526215191
.004926103307596589
.00487804355148876
.004830912525287997
.0047846835597950554
.004739330998389725
.004694830149175474
.004651157239872052
.0046082893752585575
.0045662044969894625
.0045248813456229536
.004484299424715572
.004444438966848716
.0044052809014642905
.004366806824395641
.004328998968989062
.00429184017871843
.004255313881202985
.004219404063544112
.004184095248903526
.004149372474249776
.004115221269205564
.004081627635932559
.004048578029994571
.004016059342144047
.0039840588809799665
.003952564356428958
.003921563864004269
.003891045869800229
.003860999196182107
.003831413008134384
.0038022768002320545
.0037735803842020893
.0037453138770441726
.0037174676896814217
.003690032516113835
.003662999323048567
.003636359339982819
.0036101040497163667
.0035842251792722857
.003558714691205376
.0035335647752792413
.003508767840493765
.003484316507446077
.003460203601008601
.0034364221433091924
.003412965346998696
.003389826608792445
.0033669995032726873
.003344477776939802
.003322255342500616
.003300326273383004
.003278684798466271
.003257325297017576
.0032362422938249057
.0032154304545179567
.0031948845810683504
.003174599607461305
.003154570595531095
.0031347927309532957
.0031152613193867014
.003095971782758725
.0030769196556878387
.0030581005820373695
.0030395103115949916
.0030211446968725487
.003002999690021276
.0029850713398574384
.0029673557889939787
.00294984927107359
.002932548108099275
.00291544870785818
.002898547561435153
.0028818412408121857
.0028653263965504687
.0028489997555516417
.002832858118895201
.002816898359748956
.002801117421349765
.002785512315051732
.002770080118439324
.0027548179735028175
.0027397230848737945
.0027247927181182296
.0027100241980852285
.0026954149073090353
.0026809622844625567
.0026666638228603073
.002652517069009033
.0026385196212042393
.0026246691281708897
.002610963287746708
.0025973998456065403
.002583976594026232
.002570691370684676
.0025575420575026033
.0025445265795168365
.0025316429037887467
.0025188890383456976
.0025062630311543216
.0024937629691245545
.00248138697714327
.002469133217136599
.002456999887159865
.002444985220514236
.002433087484889152
.002421304981529692
.002409636044427994
.002398079039537966
.0023866323640124613
.002375294445462227
.002364063741235841
.0023529387377200215
.002341917949659556
.002330999919496286
.0023201832167264835
.002309466437276036
.0022988482028928605
.002288327160556041
.0022779019819010376
.0022675713626606397
.002257334022120966
.0022471887025921978
.0022371341688934973
.0022271692078516796
.0022172926278132676
.0022075032581694164
.0021977999488934034
.002188181570090264
.002178647011558165
.00216919518236126
.0021598250104135357
.0021505354420734745
.002141325441749083
.0021321939915130363
.002123140090727637
.002114162755679286
.0021052610192221874
.0020964339304310052
.002087680554262248
.0020789999712240706
.0020703912770542983
.002061853582406417
.0020533860125432914
.002044987707038417
.002036657819484439
.002028395517208808
.002020199980996303
.002012070404818262
.0020040059955683197
.0019960059728044745
.001988069568497314
.0019801960267842368
.001972384603729453
.0019646345670896698
.0019569451960852946
.0019493157811769476
.0019417456238472206
.0019342340363874774
.0019267803416896016
.0019193838730425193
.0019120439739334161
.0019047599978534748
.0018975313081080528
.001890357277631152
.0018832372888040968
.0018761707332782842
.0018691570118019008
.00186219553405054
.0018552857184615597
.0018484269920721347
.0018416187903608733
.0018348605570929393
.0018281517441685491
.0018214918114748087
.0018148802267407363
.0018083164653954812
.0018018000104295673
.0017953303522591504
.0017889069885931685
.0017825294243033589
.0017761971712970238
.0017699097483925123
.00176366668119733
.0017574675019888211
.0017513117495973603
.0017451989692919884
.0017391287126684368
.0017331005375394773
.0017271140078275475
.001721168693459596
.0017152641702640838
.0017094000198701093
.0017035758296085823
.001697791192415432
.0016920457067367512
.0016863389764358917
.0016806706107024042
.0016750402239628338
.0016694474357932842
.001663891870833736
.001658373158704072
.001652890933921755
.0016474448358211606
.0016420345084743688
.0016366596006164489
.0016313197655123588
.0016260146617408538
.001620743943363457
.0016155073440434593
.001610304129648889
.0016051357149994298
.0015999970106883978
.0015948925793236172
.0015898416025365658
.001584743666184543
.0015798138784381332
.001574798535751731
.0015698609884124551
.0015649297328651187
.0015600521258148413
.0015551980862255474
.0015503839687395933
.0015455918299038844
.0015408350930132114
.0015361000892405762
.0015313985142523315
.001526721095334912
.0015220744277223853
.001517446100716953
.0015128583450841442
.0015082951875276887
.0015037574522508083
.0014992475482582157
.0014947830356325529
.0014902908588342117
.0014859036477737771
.0014814677035057543
.0014771123078419998
.001472750130734472
.001468430140829515
.0014641279461917258
.0014598540536101532
.0014556037327590242
.0014513786136587637
.0014471777563830855
.0014430012143319482
.0014388486886181286
.0014347200009673059
.001430614937581498
.0014265332993291103
.0014224748850877851
.0014184394976788865
.0014144269414355759
.001410437023239787
.001406469551985351
.001402524338790193
.0013986011968509272
.001394699941465195
.0013908203899812529
.0013869623617762275
.0013831256782270245
.0013793101626816326
.0013755156404329377
.0013717419386915755
.0013679888865595342
.0013642563150045488
.001360544056834474
.0013568519466723606
.0013531798209318352
.0013495275177929072
.0013458948771781641
.0013422817407293557
.0013386879517843714
.001335113355354551
.0013315577981024092
.0013280211283196767
.0013245031959057186
.0013210038523462744
.001317522950692561
.0013140603455406756
.0013106158930113534
.001307189450730021
.0013037808778071733
.001300390034819062
.0012970167837886668
.0012936609881669873
.0012903225128145979
.001287001223983522
.0012836969892993377
.0012804096777436196
.001277139159636586
.0012738853066200677
.0012706479916406964
.0012674270889333691
.00126422247400496
.0012610340236182771
.0012578616157762602
.0012547051297064186
.0012515644458455045
.0012484394458244107
