-4.15273046101063201347257981601293051938513911791465381066164640254043102199259413345342698754980925928239020312807290099948397568659782746720113155224797440399224114254394158387382455809694936575928728772663418887272292388413429881242490575774314819686506069557143124879524103997409661522200676254614565e-219
1.58558799420405949605316683884130074378899220280104968696335926400096219488611149566021441295988166009448696167993197060044233733275596750807761438344192692870836699899605521381142792575937386682086255212986607095577555022983678404971917661624295441589172983650992011536159429074937545158344417534317582e-219
-6.05406325059731807583936429375769374854278590262220507724229830235191104667456082021964250376871900231275595971510739674322662375547292160654500247258547385902568242145647695556301327303558331714577380890197667590258202450317907768056641132313359050928895369544942197372115684867964048628013905504806166e-220
2.31155142295533962895684818488930125014897674163826006357757461102962380162466927355750810146399511716582167137642296713714781786600569957610576060250471896980940406151275256615096803456395516800993074826463944746859705985349141621253164135790315351879636936569766344890740362481874181681407333220660362e-220
-8.82592361492038767419887488775915021847016815547328414812230282694905522041017739682222352175013458668253240243873629000016502533985593700737258466855054624105969234552886255828567551281320469874158907477149971045890674542721652842908622642856061030590188339854166808883498068772111436854716879137415299e-221
3.36989810751505711196684313896258464059463634113433027053658005992737323596486512676837462992102337827224987283541880277608038207575871382104554277525127362533689114609814167815171760676869117930188350798631960957205350342675888508218646374479461749425270896236836479908229859883843193785693281677796258e-221
-1.28668836832393089729643101669480503065352414326298464151426393598008098631644139748530241023179057496496687961022035958783548922185587535423181477313263741601898764644664466076290082289304255191020677866705141352964308778581825037295005751865039825021043671389412731409126139147691636648671520506427224e-221
4.9128101336004634260409184273801648244246976677286503415207113074677619494640896098073550188477479721206659599239655011890697272116227043591456793701085524326990774736319639941498106912621365645860318077588386474297954486311928561456812251290412886361167521394123682401240430843070266374008699877149093e-222
-1.8758002328292678535792597631815172949572174434857924657653613065310361928132043837256778687083454519214717560871309674605066660681894105860742885195611972126570106747079913793503697472934675871803812510792564471016129089439566362140371690663737870531704763206079146885250132388994391599555799210610786e-222
7.162146343529931804575355459420340821448563828274825483497098280477045330508775327192889457271731667073997062044612610140307666089847468753940509546371330943823482266442972745851726923877589216652739295992005155172966471434950435782311180747300361892236592154264715650086338382104745461484037320453322e-223
-2.73463769480233759811059026632412786481147982448261116619421259666472987972944502756518799715792841600351623283172706819250085416950883395220733489674185333221104986122573499388871197133345990819330830564316456110341349192097778917806577202809727311545077550917398195726452190023778939983762865128973714e-223
1.04413439256089253746040719259648767168114446574975399340883695971959817455523464057126239923560484754872162007013526687360833611901271679516224075225090725102391768747882696710463439433742591302203797471836651796471378434759894338499565638686492208797006756428721869675612366229751843047855670470013047e-223
-3.98669495341431696121246382627747146844183579810200249500829325812831598372198930587761905033303704718538334470657428082527367734469730187045850995432816258308416838941517266386990172204301279891084632019899028394759611108748499608465947234097299654916021024035032377024685944044616159793031535407738943e-224
1.52219261857637556700839527912415451785220068883306744349321286966774296442340363929206637239578160144696668759055243430766004357726567480022140157342807656139976780456614790841457489771758891043933392858627982024728930422351207152844603169838461550864778158502461806146198630072521779518976697191696902e-224
-5.81200818001888852857750924756464352907556411710421590333555781329242255904532303645188436207810708333663854703241492872424233184065624050216414067854040736227082926347260116019048826498268484021188205406030106983713286744853014804164539258417340746312235800009090357990207014678193599398277306278126993e-225
2.21913039600721198363868534907046756483536382766115878889944412837312712377495290146120783300424821533266857556840960594453297460233245267874602392893196917118069474826196846364314482163659273115891001630692934695550979765178854957813233224576819281637408593019176941021367451558613171106279115582562914e-225
-8.47304333020935484662043496917464925858410241245437628200354589388051003153305374640467373849712974673830985800656403026912944912412439637610922124383508256667415706568204472351924985898373592036136452542668101001015164282540150461653126406051824211068092604455499357526563419419667950587728073212170578e-226
3.2351619988072082141641660791431163475810150911765956617952169125272855060773078571988228628383793202161644102714838204847901035687048176646060501030984930818540456524820554509802270631464735072320339915295791722431953521762322839769750971645461476096609694897534188333478042353601607491548619066578875e-226
-1.23524367227184313631722704839621989884343954966443202461322004724997912632377135301780518170705116390623422278146322060889535954696834544163213274502744304417134913186996555545821600538327984177084411517413221635849443335563229870852915797376967204808785319508632570625371521517180499958892288752113339e-226
4.71638493049249197502941236664438957776577807516353397234951447328865705343190856676292975612814327559292548085927429149486295420057864884791672950260860823315187172423954910359030294303471116029979584680532701506892057342826430425439104491422254361639478130951189574057252534798291296670589591699666442e-227
-1.80080151891531511773850290358555944954872308383853621240974127610420803697600086672255293015635735322824756254042526219673125066377968436092566223846861043531921417585286202992362137075972791639000235901183980256934209251387734952464606733197945421233181493532649300419932083392982680260046127802396872e-227
6.87578761767665772227428381413099135962644860391697425038031500591672787309339016342731706741788931579213077654908298467120309620591279154957109775263058063299446353733728275823737996482033715109513999101665552783976189028813153785663184606888502897703474173846294609988538360170369202724105557660949262e-228
-2.62530072674926931214109018312178698687317582440473320691308847153763358483693202097602178115130139672755454637815603092713614638733202403298953683566521860297251959819219080943880725537979022083887780600285537838805440904403011396351170099109363131949626622344342268703850127604155214020339314196554888e-228
1.00238755021335737372659807039120632411044146918030634942713762317145754648976016740407992063785975325675913548586710245325750002667316118707097770182574826983445513604974151926268371012789987742256486124754452160500587412928986955518779240444055250365378298734778576134509266329187459671074149658597362e-228
-3.82729791899645542695610171845362103123736761663682187422573572241393733113080484648818170812052913237830139523065467045565149443784131016306217030725334649994893382259305289080492445366709449362837777769272091702099835354694997141943977073177911900498624877296780238872050729854270329038624598339373402e-229
1.46133193270773752665596611569061911289510284858691811092676437577780717321758758213298696026358645239544090071746154705121365404921953331795310034523265005265226228413756074555034323586916500240330470896377729913110599204780047334600750649462977029525801182179797401006176071576334708687834976019061825e-229
-5.57963101579317964723187057222893756751290386767574842828555203390354546773690232202338608039074785089285571683933952046322672273704768308344556310843657391673375932090640157749082844662117993464285890012267257388244920192356171138445497976412031975276089265913228784819763910443058555489357445369318322e-230
2.13040456966648677439762336216569263242874513399518989881950998033685844976759291252569965179726186656432828772381804505419390146887399231355076353892294107182496719451723000080101445911690204606580895998873998607043034262978383293401723134612023917359242995474019171644185345126064405402873233864001467e-230
-8.13427199327204041133637957108029163619460602595890581418162366750031855575694855501538438091952305875327956567001424017887590563616310897457527415400689691985540757423440488341755866858963744700944629257396690949576276536530392595379730696406296658182642239865261709859249667853692749683635448357742581e-231
3.10581294288568815705570911624075842466810207460359831892908767594728297842918099803436989981535362949604991747264002853871677726092176816745630837083629398881284891887700085806705793477674414004720989325548905024480051348807025502007571941975621835524130423350715431191632080482344941631072252455821308e-231
-1.18585585091999002360308837211314451043264559088453864385427889661535666357990827649973246206778656424196397099940286554932596375660346798543743990151939834595866743516652124370094024660728154018391717368037863484005001436181517709781809813106817464484223920270019177006497269889264125286885949333669933e-231
4.52781324896723463557543410079402494290050927505386151544264265923193617118639787125166922904427611928467620646899291428030282612057827249884260463912071369300271476916898575169890963257427642928464699633154396174201459628329987911370994099880440153741345696297208700141675580856905539642536778664877667e-232
-1.72880142233294413358334168139189536639044955690600836362154422302692215092189599237884561551627241769781481776586126691888197034283834286508197974569177404222578786250419279663553188700899826275198421657091229249732291740442750562753412876378050054551617767159462989803349443669304984209282653318573582e-232
6.60087815799851396459100131254271040748656952657020453224066457056901020003654489665736551908115980793966321273714529314867152894304151759059657594423232511470252911823454076344810327693004907755091338647402517292826630526137878599576768343038536368033830097906576006413152975371450923917858223421313437e-233
-2.52033529669034169557104809595666913257502928536147053863432330212819698442761629978629084696501129142703453632906473716796760492489654324712825874923032170887741928328160518779691579701116426540211324345245082903823609991449579394842836006716599014776319377221170768978437266828067845172644160479262579e-233
9.62309840554494101945372282875399564124368905418261725755602437204623136058677008787079708211814086510431344975936811473914120614368661558824379164651641323752112639717783000538261768752487275884870938068396687672943664578057880657222573157058883953842851808829181977526941712986933732053468180420827089e-234
-3.67427393666261384379078088250987565051938618550288332764233117329974705978251703530282967955213461905131609693512544430439678248857892744327400627160958519210664123738205621966433536531104764190929352101059270032476163540044945417922190901247873594206820156063459926984614166092926589179211481393281057e-234
1.40290459399845255853895336677170379535915126164633032595302225784999346140929804703049994436825440346031921462090214620918653973237000600922871550740682366373704865575443182986990207371498711267798415575090941589137698200735380065794990187206174537327677821732407292240371432834233146204762943410020905e-234
-5.35654481344863704168751969005338478954159776789928016644105076805128703114127015168817050794582637265334166615535490050526008643169817683529186743807053930231646476207395403572688619611727254269885186422741919455820151226386405742655670660102961326813247651489317995369924770119211466919537822467610115e-235
2.0452262014985705068329577485468967265139331425381894948111961228950798636686709449633725450201434761792259139025688002921380003640978540544228311695949660973254004127419818630364963813999898311799795115872295110260576709183197894128189719794489910674326354260374922993751668778524190668097529527527286e-235
-7.80904549663090557147488893614431526010262626464036636626405189239696094692286760853619809755042145840415534146482761064144282948109998612837166760484623093832376528727005943046449690238865308084283904990126106759265023998776718053732435959076213032239489772708888965260150390362505363247713541516367547e-236
2.98163555325907303645180448764510246841704078637224954670903141239584035796939701925795016263570362573392412168290256120177636012718820938345475036500878792563657890498791095553776724543186879874019930545467926674565963669500457477982920556468140075511311193264666936998425108656307449602363313258948917e-236
-1.13844266578982788657381682894090114151574098178692370588514236970596055475386230570528560343691083161293740602117009754739701929484612192089863431604838678235070166609550603743991434018769945420707779112185352054294734337769979042456119338106708387690059858284524512861378420151638331050047285957576808e-236
4.34678108756116102219146446212420584752523617453424525091097131432002019206919213668640307900150796002224183256967350429095760772971866457952129830993910950551362331307902055872774063672520694437710484674893230181087883700168807626170544832098995594856072904991372736298293615537501912679858604386991149e-237
-1.65968005161426148046329581356904856399785722013611303949438393724013548923887999083428532876605585001509014307333946679185449523287781402245814846627407888171196427259340040205386272920255091017778005427431445208427568999615950462890719947816588433619117345330023880564963493826456893708420115961124304e-237
6.33696019707263475109577232777613337268716428175873964027887786609258364353794441353234558410837904583397502871759281558203735663351308609011977382987003195914039768368553191127474693020688323397390708681466545381805870030852871796208995002375880082061729713848918871117307450736716253043104121667423936e-238
-2.41956662070046053373325954843905411569204734957655418476840066236757524396799942999946319621558435549013094325010444715234874625879624478216214306914707570139429852579627635624455699623749352651479455351201385499939087049609698613702125110536464742554727468851422774456533531885840779924552865273759757e-238
9.23834527903812211513580306040904295002972756263397353111760298595298988192690344430096985624729143382091652561702483617167751222308013275920189973707544433754404008679077159941282785497486131748694801476098170756991062814582416133860599868079147955344505598102953329711465828099998662135039572063823163e-239
-3.52736819745091927493465357361978086100792633360884993844627936056814117723776509341056955762362608412041688826594763188731795645958055298584148792225555826078725301432356751774834323226616955737571845640229480070589136968641890084570543539998838168506398211327507296198258811428211315436956833830909489e-239
1.34681331175398743896155510208892559654364329397151801977673584912447258895579935595021245759355825763392248993912650857051885984192806253570408100969028690241630426104006264844872144764979575262159084514724071858378999641432376043967198582174111802015518056064618212947607481648344599717337916055248741e-239
-5.14237809942431487412140475202075839713858038933024830030257538188307040437998356052734782726260994778167264399512570116953746909600652147106717174721633860068783927858862136547799567818688967290839572278789651602276038103247321973631311327178731204026293774682642897610923049477192603888393019494422814e-240
1.96345345614383012882692885515305216683130411932749180048113463070475344819001908953431154747826852016493015142667111061132320583656384550922188665632298138039277002627251302643693372195685114671063083236995612347170890047514552768066044868945226560002670710844238308474258195288550471587977118401905348e-240
-7.49682228709461594249527457045920075168245297512522498918840003213087963090550562500904207625371560332525613081150531911833079573586961646046480986165888564362663270738352679175221860917030825620771050458479749287270894180044441602889977455766471882594540181038602954609238747194729110141793889419507676e-241
2.8624230550724979959385813468704317394367959619359959880246499081445871561011928611168792019449265743134837901662288774062841222604659968353558439480440920216866728761114669846306767501257678366192019158226032090879860121650144835472449997125254126322004741291150802660801680268347659928693029070076523e-241
-1.09292516648221820466908556134377642323709681612644287243947693780782531311992171281039725001071602840831951201662399507553661559883830577007079940518826229466598541237552822557682620692831583159498788527184398819702991234633670633118067974760427765414243418502838721039209474805357138966246448234960885e-241
4.17298699929582593902179793696367869341111526347443894004798940572549407486549249036675599468900753558299291400284045084027485286963894389709006364048035819469801791644423525033056237212068952640252243886618892652402156894218209091222775255086948718327051716274489451816152052765541445272178192755131781e-242
-1.59332230882195863407336768532972615592740528069746464369898578455150913903109259045936863754451503813548463420832122686056757184583614160695927067025013453343335897774851243093408549864704985639933771158930409012659195242979738422954211105127899794453266907777220979094702314186428183855249781685275935e-242
6.08359427004832441432784197331274387101592729370137367383162221335878227784437203980346106080042552237870107026880532095954068492612645852064231547936906976344272911143690942471861341926180536010671694686150123990724468233506701407566852132998798691905746706097550842956157015103346600340787007900224556e-243
-2.32282690310851303892335985806401274106899851175922191094522829288718860297461422762065262353820534840279508130161165461412129105310709803106257114428802474877032730161312891161693253529840306791963180623266256720784749018724640773017886646075049031011629547860896845323720536703112746832637799849712394e-243
8.86897544824102136395158291588877605132991205506114271340923004360149133039799989627527906219693181672229563434436770560239663388238589807681078066824454702715834234494865821451866955090583252236573284860956747100879626874937900537179814298940378091750789123097844592051127057154993730224647195804657188e-244
-3.38633608022896533789584158549154164555722402157726417967301538480457712567043396826975856941349584029609230276556312952546320730825069376221079875934189080280881697529711744518116410441807079024217892821412693515229054945613262782254818848815002561016292665018930776128494717225679534031372583545119436e-244
1.29296468518688588770651535802049007589929880395728972612827225820952173024747198142992929352953582000743994306566100661768889219543955364007296822504412367017930658294543445264969139866040467448318084192216565864400615807364454691743270332517190518629480976194750821894993877505589437976274166897510991e-244
-4.93677425244639504700479707326810764968430610644463456032325448579999280578376820069353288263352093289490015405417344432866965734193114372772830817710257217835805990570828872727563221976623453677342057060868354270363983765887973140430875779335274962130065884818865967261817876526204627606689673550574926e-245
1.88495016920141732531451337701487845422986835206745962212953277850567639539833160402215067482203850218643887590598572519853300403785206228605714183483357477817499929437645014681200515277356330904657279230825733831007829927967264171607376731509970942273125544710554471496066922996369088567846441298559191e-245
-7.19708246337055289652818656624593447604049543110286691518978934355596254218949267128650685652595547915078514764965763162694512939267315976648213927182938727785949488247302293314250985024671123657075558379820250441149747090834927359767326489536079258940934826401200754741650114445140037544195783682333829e-246
2.74797694141453419830138484091387912422387251243370898415465818644873371569467467281259468341113151897485266616221722625889224913751532019228574378363818690319383400780402138899773827880524460731825950228732808320121075923290899432187789929656284977783257670722656511347667422584837816761065604643220308e-246
-1.04922755859858422732040979553406992019344158598101273137626632315403729704052268638192630275599567871753663029584662270948928935910145233149677969253426995516263347541182217750992502848197559717162217809797298806920620846065741352839902879354495211890942174458965108749718790382516367884654252815217107e-246
4.00614159587444318879598792960245455850539518630784510274724868833855652817368070575284162749610670063156812440155212603514705586226152895477404957188935305158029023968618817008183137265077104819477883279480856817190590104904511133203108618384855837136645676578953892697888288524182084643948079171323865e-247
-1.52961769180780922852319906991517911155435245359091014548909496737660066711969386719883726103001970255727608647286037805178243852126335778149077787335873987509444510314552560589818704065343687476152776785602978352077833870271344126521605214725245681756146584157933274802592452979819366832241436049337681e-247
5.84035854366551057813407642556447883392133410271131470390208219406436015454269673613555994580299941360672346392583155452604868144155185515800222023121758478061537799389376007603605820412747649556454996106651638422151651502089290274726882954435533136127298445134931535500186452688598112923436378674599108e-248
-2.22995499706934134131970316275139632934747430386412822590153184878168909602590062842985718870688184960112875961483095529993183595411553178835358835657099394382087121617615406454964277963024201815327261795102841079581036955510198211133958613488901699293250770076627552815661525819466246663859941542523556e-248
8.51437445202546524667668878820104591786307853893795238430704976795008843630724702515224451501647072603858984621833625012433190698745803605674525809576371835121251707445430320924117047732083712702418550426156273612537899123841263123249920616584936265214870870635855122845670894343828475977205340709170761e-249
-3.25094215683041095710303997109242409931642605605819725528786799959025971742736932144631944060356708568937393112726847072479380912826644474980515987401217736769498466734526865976711051900670109412391150064957371481999925186027805428094190075136933739495440615810018159955178237478155837369137044730691769e-249
1.24126962981851495459898057385709731687379596418389120327527882603727407680843866854627646866283148662512788364068099316921081116930906779325374064672958872313155349634772291999935026512636902135646745680683441137354813412719786887827697758434093053989888219769323707837869477601226207598590186565354445e-249
-4.73938520316871342074974256103928544733493801471198761269225385413640278403211934390247437134526670119667758809909180935945071231439725919473863290924711452888793693048996100746111730435757836823981134983518479152227165776133070011700372712090435966545496849489519757020171917411269234701684301253409652e-250
1.80959125691115803394350787752212897161962609513436091478789358577796098843947925485850423784439847087113944001817827718159274539915891885665377009267629178676971595053608353019468165675358365475362050290178558084582117779241374429227994218686487247463088718474553569106380807727837542964755923246619124e-250
-6.90927186574366909511204963217715363385884608076577215267672091226885948899145047662756805157734987337771045232888747435750741638702327665141963717194452036560104312809769625973157818189958102774602643950685757815420206543246076002316062778330524341791445970610439007975235593362674727592243805754565499e-251
2.63816086935256113492473088257714661584295449411657437286527387370138343881225324837705234325076389839022257367394808139493538422988521657056616467014692854197563766849973694470601879673478175409607190526358856826488418163054632898465015822361758840483515301767343604766964669074266118888098942997665866e-251
-1.00722439061409455668235929446847673255167249133875318503233615526639744157203339195224975685291771190162222104893335091493333389863838643048107705044507806364715970579193729205722606327212046697234033973268217002455461193151523873207301367971180432402312702787402888999882260045565434227191944206701081e-251
3.84648353706178753118791427553738402928562319083798873078369550532056748191727102242310390343638910316983905675709485076884703171600894809427844077636069775701431428318670802255444582251845602309424592045663214923299548219234385195862490247126387502202547473087443086496405527576103837286037089895822014e-252
-1.46795998990713850404712488956700218493200234675564671340164945021763358100409645849160903495103776465058439356237589069842098891633475363757177823595925554249737858827364295233037652651933750324691143334534621165345840299036454459276500508914697473778704012395459708618571111309505625270791258367877116e-252
5.61172907052250898665778614135524298287063227051019186515336080723086576158485290462234943865687353345084705444184059309467583742625130601653469741161978679000919363652189437463269933510341415231011908170351856338076526119608240423373888135076512308992126446754952103359145930934762689317715691322178094e-253
-2.13609917413034846373252282427351047221969494723602865263163083890195548779523457469448854624388750002792545249986479706911469881899784195517584589845090284592645961192421910284237207543793042814598786252167588859734197341035044147008520874987859764223357482557768502235057904518389102373048362606299139e-253
8.21951928757244011994880079365991342045332352627460632504887058881983952409070411090464301858771824120155800461317592689835147918964618355029550456937685335876532694335237994938910893605090205134333329198339654845876891391909055646236032932830876371511795600097883678136673242256924694722738341182935861e-254
-3.07732304980291648826624933754550560623157201954042037210446834917029927298819900160804924163394793764912603722812287336342651761018898713252524165576654791645476930749394255430719909012684725520591416966889686099484763769204684736647299983373043097502237026103960135918684579558803887150788474753809178e-254
1.2337773482207243890131014433910432145292208673215048985307275094833357465461329796158063202213338319523682367346555220192133557498250057490766216634668149126177095830811911291148072382940302615614588551326931117736706667445296801961880599726153115428734241841687541226822412350014928917687598146353083e-254
-4.1502173641031067532997532117550634219574187571250276731052624898672677562524652198892671410503105407084336222624539998578431248411678291748646421303217353526997504883016413907098505126327988513990672817088192007022462701145427211201394359367672523354155280786836176190421378602618836668036399292598166e-255
2.11975945826286669447628940264162376294817310842598092234414974815719174538317790579041122068076778839460829513582793892775631403746125498159085869737947526818754360968161350347745826686454750193499384756742604961660437964110138554766761597250742983193249467871795588742346560424576628340474829828165702e-255
-3.05694760060748897880720544840819738818031298848617440110361115611238667299489094193178177933036248918451354858586205147193152206192677788655758312488088688479666209813921656223335993625627295247659452821545714235220029882991972392697569162772460584422484711159871154192716351366779682222608226094605665e-256
5.90972654501894715580432019561698280845920673968262095409851027951434155352491430533859332682114248121645332985167473730754417481302402358147868330545383405135905694852893170337650887589676275769399221556741287793360569504405658920386566276039858113681035781518522022590196847386439089718469763557494946e-256
2.13945613481396419656495927523748879501902909374864281502287893619115918452489945882238568437716802795563128333047734561936536003160551512536701603581339354898940813605963200753034568918980235663334367292226907408629160732571801479803255490775494587768061153218114578443523880820368247222136250756082834e-256
3.26512656040286521657014024901266659696095357571485653533414737257579598264825538059548711772164811420580903719444956225323636501813274495276906421159645117394837658808826013433672646203255259781070579664737060065713419998849486123229386752461368325368834346607004848035550839567256605659450559284498381e-256
2.47769260250174275529650744665892953807705748443262524655100085701885805913690070547211176703913289610760700722227405060339042312114686027611229186505244608353016223996806341268159042220738424966291070040817970386366196334261190367698404249702140586207772241934114629488498080517970674983085795908424225e-256
2.45510076869220731341811976757620516716109984474005721914096355991921302030439594777643550470393154770762267682367261567052184480337074713797532767578452343556782218247550388252050396112835202406516634781626118695561457815348074797303922365619509465073258336321941140356783992323095841839650426576724839e-256
2.07765225111685028328397753092457841123154434092577968939891624318356656104290681431237833987657704723114050137615920878342985310592973252578122254937182659649614291027054349552125450801208375594637939558526832468832910479126368521439775822014418619225234112782766893758225095161351282585683999108978085e-256
1.87326036010362734492952422099824984488524241584106611321211083246736333865994107138091016987692792497960972524118634646058404544172974574974037849762608843765078265956246310472792976837771974790695439632668781223428947063976154631499384567366204164771610691456917305555185818209220489052398502667597903e-256
1.52173317802238846252581648629993968825575143212503301010367031143116349434386713478697611948226460703812260257820713758526358028209758727447826790112899132395126519941584608715863065544644017946217600703464597971091244054475190284316469186347118003829343386559542318881023420294423081413446279095616531e-256
1.24977234841048887661579312022903070202456471279945314386004084315208963902782885598525869774200757787286956261540501298168887848773945000016484444478845204090283536548048614394128639320770532111762007788390250899531907038207337609648702365735129628122495827532760963230263798855423322363530062107874657e-256
8.52081623483282716066001023613670338576649116473159276410563542628363522997900673016153981275524435467514814878655217928566337047337582638722282893983883755105421366596409317546904468286686459133090592485225213782191593604365970048516143497519809203211196678801568160962157693733632550179431583132299612e-257
4.94896890336222942605517482585379807937974636585597418675100268173248763354836897482039076004700762725113627130326789846175802204460057604675373064649873734353644729280477994301941760252891202931129599650203339195743399560398314861304370919612445816675825797640481411835668532722449413368178987715315988e-257
