7.3382031055419791e+18
-2.8018593675705743e+18
1.0698008494360371e+18
-4.0846941523921408e+17
1.559610494549727e+17
-5.9548764337353208e+16
2.2736800928807596e+16
-8.681323990999257e+15
3.314687342017897e+15
-1.265607894225016e+15
4.8323210506773338e+14
-1.8450680375313447e+14
7.0448052342105859e+13
-2.6898347257895012e+13
1.0270278043923547e+13
-3.9213788894980845e+12
1.4972537578083542e+12
-5.716787075268313e+11
2.1827732469205719e+11
-8.3342251246064209e+10
3.182158683939994e+10
-1.2150060429595829e+10
4.6391139822022057e+09
-1.7712980659392276e+09
6.7631380698712969e+08
-2.5822890813058472e+08
9.8596492186702564e+07
-3.7645933389382146e+07
1.4373901830175782e+07
-5.4882170722479885e+06
2.0955010537115235e+06
-8.001004129948495e+05
3.0549287385087769e+05
-1.1664274521719858e+05
4.453630886879145e+04
-1.7004784990807158e+04
6.4927230773113988e+03
-2.4790532433288854e+03
9.465335485934437e+02
-3.6141832162114389e+02
1.3798091292968746e+02
-5.2699387818549745e+01
2.0105200352456304e+01
-7.693559471776247
2.9198388791907335
-1.1332551680474192
4.1354913473455657e-01
-1.7782817533055639e-01
4.7148572215144346e-02
-3.9620566303101623e-02
-7.4116132614403529e-03
-2.0688712643019413e-02
-1.6663147881994744e-02
-1.9316630159138093e-02
-1.9501446132235811e-02
-2.0721541086486273e-02
-2.1648532366049023e-02
-2.2811619036937514e-02
-2.4010740154542076e-02
-2.5383541223013784e-02
-2.6793442888379371e-02
-2.8506323090342289e-02
-3.0379165006348297e-02
-3.2220489347554615e-02
-3.5762791583163533e-02
-3.4588382342506052e-02
-3.1043632749730765e-02
-7.1979919981939755e-02
-6.2252800162548194e-02
-5.8946807100742737e-02
1.365572260974468e-02
-1.5463464264459126e-01
1.1435196318947427e-01
-7.5706213549628298e-01
1.3012699705602446
-6.8758232595892477e-01
-1.5685967026117034
1.2090238116476373
-1.5544752279077896
-1.2370553756439064
2.9599466153380982
-4.933195738604506
5.8143615094548631
8.3662988706441332e-01
-1.5236644562465536
3.7179277317060788e-01
1.0779102364133508e-01
1.0496837098062395e-01
9.9405380121350806e-02
9.378990151952693e-02
8.8375639814150642e-02
8.3277394363111767e-02
7.8538437278952378e-02
7.4160274781041258e-02
7.0125534231434195e-02
6.6407895854059706e-02
6.2978573193956278e-02
5.9809129955058271e-02
5.6872986758747857e-02
5.4145957801766009e-02
5.160637658281475e-02
4.9234996613620741e-02
4.7014797297225019e-02
4.4930753265167045e-02
4.2969603800035783e-02
4.1119635197546245e-02
3.9370484298983488e-02
3.7712964376330982e-02
3.6138912764670073e-02
3.464105870334655e-02
3.3212909071961061e-02
3.1848649850424904e-02
3.0543061207607858e-02
2.9291444277326661e-02
2.8089557985516933e-02
2.6933564439055369e-02
2.5819981645014867e-02
2.474564248743838e-02
2.3707659051164232e-02
2.2703391525547678e-02
2.1730421034042324e-02
2.0786525834708858e-02
1.9869660421705015e-02
1.8977937127998334e-02
1.8109609888999456e-02
1.726305987707577e-02
1.643678275919358e-02
1.5629377365444785e-02
1.4839535586550268e-02
1.4066033343723916e-02
1.3307722496005869e-02
1.2563523568415391e-02
1.1832419199944155e-02
1.1113448223570854e-02
1.0405700301931775e-02
9.708311051826124e-03
9.0204575991432723e-03
8.3413545127537514e-03
7.6702500721474998e-03
7.0064228286539354e-03
6.3491784247273753e-03
5.6978466394967953e-03
5.0517786321602198e-03
4.4103443576060108e-03
3.7729301310347463e-03
3.1389363204505916e-03
2.5077751475708343e-03
1.8788685791875093e-03
1.2516462921818849e-03
6.2554369635625662e-04
