5.5349261219612322005375e+19
-2.1133354283851977492656e+19
8.0690989083798459519297e+18
-3.0809286741086684542148e+18
1.176354584659673409916e+18
-4.4915356868823893822412e+17
1.7149499895369123105469e+17
-6.5479908691409379044983e+16
2.5001419682174490256134e+16
-9.5459966059211689390869e+15
3.6448350677153554747887e+15
-1.3916642985822265792255e+15
5.3136273218594110983324e+14
-2.0288395228917746603799e+14
7.7464781783140532457113e+13
-2.9577462135380887954861e+13
1.1293212815327288269758e+13
-4.3119539840340175851099e+12
1.6463824302675699474774e+12
-6.2861874610212889039796e+11
2.4001806669357269024337e+11
-9.1643261828423925467534e+10
3.4991063607246169350983e+10
-1.3360224286374550888097e+10
5.1011765457340467542526e+09
-1.9477219537993723864365e+09
7.4367565511241902824713e+08
-2.8394888647298307480651e+08
1.0841684758605943680448e+08
-4.1395523600903211241757e+07
1.5805563578840829235872e+07
-6.0348515268394587877694e+06
2.3042160583200196150031e+06
-8.7979156571247509236855e+05
3.3592043561741245779606e+05
-1.2826051088666114839387e+05
4.8972213629535302412021e+04
-1.8698463489718862593492e+04
7.1394309493434261397887e+03
-2.7259473654744580840351e+03
1.0408330288147242028429e+03
-3.973926097137222896963e+02
1.5174770994001163838339e+02
-5.7924410034961445321714e+01
2.2131872024938254332939e+01
-8.4354026448886360962855
3.2354219879068164239156
-1.2210145242841455084661
4.802428250469541981579e-01
-1.696077035427803542131e-01
7.8248420165806255102827e-02
-1.6645888149510573723206e-02
1.9337859905389358431872e-02
5.3591586824951373484551e-03
1.0465702830453901201802e-02
8.293364173990097110945e-03
8.9080156228325475401073e-03
8.4659228984260368752686e-03
8.4343197388163619395172e-03
8.2526405705534443024333e-03
8.1345932768671178357328e-03
7.9982750343861468578249e-03
7.8746718794620686744488e-03
7.7516846396862968033865e-03
7.6336813050531430902571e-03
7.5187576077918828023402e-03
7.4074182121756867047696e-03
7.2992610451822529686800e-03
7.194242344126387516415e-03
7.0921927237423475036404e-03
6.9930012744277828423575e-03
6.8965442647877021877195e-03
6.8027123123927289363174e-03
6.7113978606872232440269e-03
6.6225015472251490257721e-03
6.5359276125240822143174e-03
6.4515874433789132003932e-03
6.3693928150047318704227e-03
6.2892666973711494149499e-03
6.211121028661012888694e-03
6.1348931097538276425887e-03
6.0604906128108046608653e-03
5.9878660120054421931259e-03
5.9169349681725695022367e-03
5.8476382296921004637358e-03
5.7799876454380734427978e-03
5.7135636136985032781281e-03
5.6495005127555277102928e-03
5.5850432956329045920219e-03
5.5273787325642970606152e-03
5.459266168336126567149e-03
5.4240933847732063259405e-03
5.3280060456952602137789e-03
5.3904163356604595403073e-03
5.1337656914653703317091e-03
5.4906845430741002610735e-03
4.334278281294903205237e-03
6.3283776035089043499287e-03
2.0049740406308787421172e-03
8.8759725029212390255012e-03
