-4.152730461010632013472579816012930519385139117914653810661646402540431021992594133390723338181624240850243561841941434915835644133498694562929699347206447572807315702636232106984937993311660979815627236412156121031748872355719618906535808073243681565696339661537387080992461735322032389847944474914361214e-219
1.585587994204059496053166838841300743788992202801049686963359264000962194886111495594594314783874082665496290566538575861740595009745247026863324866538003500724142701418219714741662916100351137344939242614714604610570147467542351590067795318510954453040742707869641335102871762625122192471053409216889785e-219
-6.054063250597318075839364293757693748542785902622205077242298302351911046674560820022782209240696270025783946374927212527121396786440760162902133921873703575073009528722970458353718244058515128718003880356522276866965816216295780301612267429937590620735992309528585632944989264306880708942966756669203549e-220
2.311551422955339628956848184889301250148976741638260063577574611029623801624669272598725555892328846953346865664063921788339027257571283656141419327741837772039904602458822774187179282323789731778384614793259689202540341715522764163180903507707820728251390763898034604016068908336596975338586027139202095e-220
-8.825923614920387674198874887759150218470168155473284148122302826949055220410177399993861600257167495750414839586083702370749237618707426932729911318906845260297200061790911679990984312999303290077882368003820583810501212271447430645569655818940608510366261282821809134673236213726688558979389154144644743e-221
3.369898107515057111966843138962584640594636341134330270536580059927373235964865121117755064764815321886942082515432033610097015372057783494259501041857867326695354410228973702699730663908400585541820744181610007623810487784738312167761963106761287359862150662788803165692303121472179069845505733681109462e-221
-1.28668836832393089729643101669480503065352414326298464151426393598008098631644139927162730502310796053193514880815166080804958579270326623173191828885055295558953796939883324655094830805532796542145242657950799737134571853716668955234877062357706390559841966021282744335648576819269953121290828294650323e-221
4.912810133600463426040918427380164824424697667728650341520711307467761949464089703498272970147455745735124160713423544779890710621373613648436822949599224610174880126430426554869852259977922538543201504391765595861953837018243645759042300224174568928915041364699293387300097128379735481203241623578860978e-222
-1.875800232829267853579259763181517294957217443485792465765361306531036192813204397214253604887680812325109707173550997082531476909281953946789355883145457409414227399040843965913177288314806423897950429193724529171612365637812197364598880266840446083651163874442997297262421797773720199724792958130986035e-222
7.162146343529931804575355459420340821448563828274825483497098280477045330508776191190848774704834482117833388390976669713248252397667138075419148781363132736110067041277043831091020767676860649642981245486312033710769508311644487858831600885299872763567119251268655723266292018105990441295791316552798589e-223
-2.734637694802337598110590266324127864811479824482611166194212596664729879729445339260654333193921203709204021450352077025776888470431119720082540190378136257276463355944355575272507851691424918829028502612629700829076612819531972522126936255097096657639636550498188186196530490440770183693767751148409078e-223
1.044134392560892537460407192596487671681144465749753993408836959719598174555233904167938424039458144431190236433149865887388933443149538723690995497110215428062355980658226295297303776415684016549342304685244199548527229710079118408383315172198672315781179490047573571092196934566499502537736843045724259e-223
-3.986694953414316961212463826277471468441835798102002495008293258128315983721992696249358144057870878370057536698635780415293699565255497942083549990371941768006209910915957935062067438217369054948504603024751452893405496299828744739359855160971077183495189988087303804244145860197882404786565212189259584e-224
1.522192618576375567008395279124154517852200688833067443493212869667742964423395655513454958140527740915314558060859225595677410606273793728330178262744338480776895834580427753671733049952169339770009585157874486923286558400896147277054807638389135305213797017773019916887731183245359120979888273782565099e-224
-5.81200818001888852857750924756464352907556411710421590333555781329242255904529697069066444795707278982005739354506038886548624702668731371493937050895651362873040251214935955908942926428736523734171353556116950213548006716008089763185212681752149720990181477824207858734228745729289968320622845471689184e-225
2.219130396007211983638685349070467564835363827661158788899444128373127123774996739332350415844169527156009606433505877525168208153098375002714955577777608632135048830032874792767653140987812063258738888328196074453744052682362288903693733762410041878608635894210247806791490856999510961005161633024810473e-225
-8.473043330209354846620434969174649258584102412454376282003545893880510031532780329328940373591175618942004052195152773009450237788786003503122121562885148298767582751102587369312337264277586239905051394316909320831975416023486290527790714060673029664311591549637248898065116472283711211018421206970886659e-226
3.235161998807208214164166079143116347581015091176595661795216912527285506076888617682698369982582990928495508027319892686615312854519281926025830592308593871063965036793554174529627751263710663865687190494595915503325137746628955707572920498116821858561323264212876994973677061760276030371277301426631512e-226
-1.235243672271843136317227048396219898843439549664432024613220047249979126323570847162267380776018136855609965186428298618463937901053524001441592978997491247706527967845030162373146769265436742769547819026966310961165200367561141710119421307216516254083674565479979609640002219102294916692425902410532704e-226
4.716384930492491975029412366644389577765778075163533972349514473288657053436347037292334713101465283486289728531183701010322151544238559819407314323362541182168594764246073486882517397097874306373945675153954102727981321846021279628279306578376492329123644610343284333794263033703431619914715541944961489e-227
-1.800801518915315117738502903585559449548723083838536212409741276104208036975891499892259584193975702109725240215860759292859566129644327211730822366088636728156584450021079088240856332877268044207477106567931126898071601793111263889149847332041369233784081137359395133319113745164639484656917467963641067e-227
6.875787617676657722274283814130991359626448603916974250380315005916727873106878739163496402778292953743217196578705009482044188749273506616934682012827337849718796389923845565778401303657054720273254459098725527296455745849282099567832312727915509664588576821071683508444257882743461240278125484049902599e-228
-2.625300726749269312141090183121786986873175824404733206913088471537633584867190177357180830743558206185397056174335167664968867498114168643561901527457944251300077078318804675003801069527021524670864315484255647439556841789313806450799234307297142051035950327673833630562462501076710104583847258656198298e-228
1.002387550213357373726598070391206324110441469180306349427137623171457546507623416351993094493529435948738448498069243418965973935448162222228156857221453773063977021907621994114306564263012333901689427085961547912519358521083856686237059060994432333116969988640438005112250494939136527489563806439489537e-228
-3.827297918996455426956101718453621031237367616636821874225735722413937330740729818441914442292640142982018437617260979979976656021734144701466625485347124286569578355900560888942956006226883709288310727751777689489581449481244538149588437619276028851402369356985396249315224036041269291746656768225121067e-229
1.461331932707737526655966115690619112895102848586918110926764375777807173011613385080518731111476845845067189454314411426207781427630235667671340696282168229699611967613020576342855223903072391980745939602438118238348467938339193161459839944569727363692692317096983852338410207993898293204174146573546925e-229
-5.579631015793179647231870572228937567512903867675748428285552033903545464410327900600779724615526329172218344669042861032822142786601061740399444884236314386746265270841925393387592855133401049499763731233787572738356445288456965041096648314035555592524537826572048575232022496649664772102685118727208283e-230
2.130404569666486774397623362165692632428745133995189898819509980336858445429375310889643143991767498512209413331869524810707380766373740918235825799965890287512509200460543251121178454875305472564128684944605025674298418908386958250623900468749423446818443926524646801560665765497032293457599945643291185e-230
-8.134271993272040411336379571080291636194606025958905814181623667500318585650548835196614098570828788188048279967474631772648569300450555564140391346820188038647134928238464839194579874288034003911780960945317056763226441428710961587263956707290436295731200072070657688530092496403832065477770973134680048e-231
3.105812942885688157055709116240758424668102074603598318929087675947282911897692569582242784310923195083302474066706839930625178251989341306533943886831103389062967917587477176002346105021166437185306515477789027362945380785975328152909090418060935150514207582302368852603988649205033760492935825238714326e-231
-1.185855850919990023603088372113144510432645590884538643854278896615356640612873914897080361921051674554275812453793052495573795331602137069064240107040894193716242760748767863042984930034123209880903952858487668036998653483831722891618111133222679620744666112147306926576332009555873108668746824530516198e-231
4.527813248967234635575434100794024942900509275053861515442642659231936874779672758444027217666471946224964238104341155450805763584904759302021582469970126610905565906093811540109286791085317341742036142145029135232318191434221571462376209345499725291513711959274749667021145180314492194936755894520736147e-232
-1.728801422332944133583341681391895366390449556906008363621544223026921774062026606557550242076793176195471422582938342405924762257995075646021737086292509480628859177117644268775828577366102644486271247925995039598047610934341858236117675445958588146137349380181221851106791062059969380713993654163643535e-232
6.600878157998513964591001312542710407486569526570204532240664570569019268369556719926746330986403950499075019436257986991293585639995589730014748764117893162802747787149070031172523907998516796399387480831768017783863159861988680904095882976523279941086406177526243901908309868827328080096084401733855577e-233
-2.520335296690341695571048095956669132575029285361470538634323302128193379879167881592280685046896659887087431254191299565196727112187663316334402115798420037496880103828644056756706390390481870623649420016785205781564184342092564364263734016414687754671861504883947531150486702926789153653203306044439626e-233
9.62309840554494101945372282875399564124368905418261725755602437204629880346545098454759910030789629720446155988342232020185800971902343350954477543260003490178405921121553511207680127537076333118911973068125034600724239858913480890552088397402660871384156177533461414667461597593452267007188385411112205e-234
-3.674273936662613843790780882509875650519386185502883327642331173299713292773663964736944344769290852033606806663555061704482490968765020632676689389523123264256078254137502514218125879774692970217236717397087936314725106460489996254241025275352123131945860093000335331189890076514196740435988652461180363e-234
1.402904593998452558538953366771703795359151261646330325953022257849971405765188888928086311392685735124865373201954689828135909373949046634965420809795693335694305762515074213896939332824844520101795906157203200262689154737528729624629054734721285724020080146696564492836068219223716793685463358321168534e-234
-5.356544813448637041687519690053384789541597767899280166441050768051772802145823096671082341663929687644948999886718299311044631102705257268446250654051219667885967328048235412321478795061322205637212898667312290842937542628193101259615034047412464220769669558052766439631288038391355092213333530057447986e-235
2.045226201498570506832957748546896726513933142538189494811196122895044775143951829800441765286284231100094802554243301504102906612064509595367589605213622393621036718952094746715873839074762979354225478142696895253145218443598085496172169715498259807251524859130092525063002613345532094415397832195164151e-235
-7.809045496630905571474888936144315260102626264640366366264051892400720431714201375993067354749626288311060128785416766502345731484672606741433263788561627763791303907615107607674055008662958633602199776101184186118984433707949743035196030728340479627513887038596008328904817957934372103300898332045581096e-236
2.981635553259073036451804487645102468417040786372249546709031412389314803761894043502511645897205060368242115085225383998366716891896096998116319170971880951006863384582930361884328205207862069586981657068873320406616527110396781450190135177999950809742938970127646406994741115931627162424083439286593586e-236
-1.138442665789827886573816828940901141515740981786923705885142369709205104052564902589274586619739727241684325502696738726745948054293038134837854295206401982026928936017535494619557214935948610043035169369544745259007883897420983756057714411316519883257835418958055428647674633841516342290193098145364204e-236
4.346781087561161022191464462124205847525236174534245250910971314313640460302080288880806763754372491089312496510491906466395107360019672024022832058785708831992951714917726682250914759411233885149098765924820343099523841597741909598650491239038817733813353248568313851680342608668296873279473215221829215e-237
-1.659680051614261480463295813569048563997857220136113039494383937239041820935946531210468817580832626769445114034622621450500923740929415298658411394647781623394134855765750023229264007377298385738693297561609544876614833641197304629526349692688546356520194744498167917997761758829130836480924674700143223e-237
6.336960197072634751095772327776133372687164281758739640278877866607519136169114986412619600484313323991842867780107497136010600759217485212495978387251657750451748106704251941189978456263280157377255039046559264091711900769897884337240057352672099582369772532797564980596696491552601564473719528983737139e-238
-2.419566620700460533733259548439054115692047349576554184768400662721194661916484708366801812771093204915356999101884440856670195322111832144077129561649855890825809966736565509531477053069143095152845890619933852143067758600541652603496015076370594185830390534517148085337663336316726994304925440659872154e-238
9.238345279038122115135803060409042950029727562633973531117602982489706922637614635548684436373751155944991236347014588552034454386484174060034506253800792997750886799231238654850208741675200593712218424528775549977198837432190829965915011335887877262012478107805055732849590068779334710974860168822140394e-239
-3.527368197450919274934653573619780861007926333608849938446279359105359822064262846555985847387564993070190548982166987826916085978597259903693154622082975260690408007341185839847552790990918120097181353159481410459495994924476401673818847324048833875129959090505260727602210619383653597487269769713087928e-239
1.346813311753987438961555102088925596543643293971518019776735852533072133098415183511672318205937373227596327273294489122483343081104085044884620911650075326317986707217076651781404469686830254441982599744201515793458969379847091843320483892777821328038822993767115311147484056932192877385090466813587731e-239
-5.142378099424314874121404752020758397138580389330248300302575334581916302507854830463239066358204573634166719491564687627570442327761717132438823909859916354565561482709737201583276736015207682406167898300659784690723028917323246514559891376919691270433782057260538032594219912074074947175957789877087254e-240
1.963453456143830128826928855153052166831304119327491800481134575656782200539218024103248557909365156031801869345455595814891444433828080922455948132694312716312123034536778854967935184246454379343876292889626671208605700711078892177887912996773955494098364070874371273792550369167774350963363991994866394e-240
-7.496822287094615942495274570459200751682452975125224989188400054004245689574698101339265780718180516225836905148412146189760634703844092455206242387604052000214969260391103283726655114220797037942844758682941646089836041044444403645895484104424312245519577851803782583555976180709303166947637116191442488e-241
2.862423055072497995938581346870431739436795961935995988024649576398535266285106970108486350900542061988008712723142000156264897912853110915110783971209068946763568488829890189685056423526687980302999062000750218628225006964348004689476738253338245768658804167612492531215739277277582999002213206729438738e-241
-1.092925166482218204669085561343776423237096816126442872439476883124410166446940521984837988849553746156867576174356927396962018178902115783217218090325346403195144029856586995640734944302093877257152250026483605154212164236336737288691405880705294105206994081484004616733122976148541225838218927358694529e-241
4.172986999295825939021797936963678693411115263474438940047990608760627301671078688529059740234577745114935502532715939768915996108235123607868852567464507807056528331860942308924570149897572521834906414264117353466012027362181409846991777622647125259850199440721311578658899509566078056855184137351432931e-242
-1.593322308821958634073367685329726155927405280697464643698988277203849574874485205591111625474162404097502043018328395208926304237927468507701685606084717252979211997570250162187578886692333941632345418190314883828367637110629306416344844817424331383506480464336983018568486411201906806207691031855270604e-242
6.083594270048324414327841973312743871015927293701373673831586122304785473676786094934348694433319236420423414372540653100306387768241067197278647669844581392687416648935697666898380085955315497135197684923648431647530929735087446032747769176658844621666998721682996614640200693713557879405803784998791885e-243
-2.322826903108513038923359858064012741068998511759221910945225740994481758235491989094553769350632176668371408662481829613973411456084898644562109784018616480131062784062538181266006946074711865487302161449178025209685911720581185747346086005464591359795757313204447415818522678129719823194918765587788828e-243
8.868975448241021363951582915888776051329912055061142713409323005407240674466024299726023036172811644190586566198382759179212247773908875727899015935201562527588692627148749105873816015483154896686312765722218643798968055749326377603563716717675814107756067256428855140763282810101215803463915442600922268e-244
-3.386336080228965337895841585491541645557224021577264179672673157764784197263148051644715802472879416626060489910831241112774354207595026036881069908926603347793164710923253428476678835312339892620828351000396392184550294372993036910509238145344648522533611968261575778886607999943020073576960850645718198e-244
1.292964685186885887706515358020490075899298803957289726129081572753692490369096199706994478731313141496090408618262649521730707251051359073076428196199317438631767863275637506800378266745328874450582473255834692346678186073186375758685933430128429430808342218809894371732162969502318978596955534507101485e-244
-4.936774252446395047004797073268107649684306106444634560319791202840703516975015915273659342355645007605630143806553801270833061383231976334245033525762779025070500372763726108162332559042459807183188364451090830912926204327507040416963854191061317043427434370624394604405958113351670740515080644265244795e-245
1.884950169201417325314513377014878454229868352067459622123736336500129059392104094740467591620119848281239595596811796291206490801713455806437766365749078868988452286606076921138166773246403498469236784107654799628778639282954137853043876022843522266080279742550616863952847296766325515649635376067273906e-245
-7.197082463370552896528186566245934476040495431102866915229229756730500429873375605903619344822029338859511382772220803555334258369701177912005484149916110622206636668835114338965679012831277400522676299974472136712321808386021168986449765787245462275584029649957684080806987647457058612548495033779346433e-246
2.74797694141453419830138484091387912422387251243370898413606582529886490208979398266379988823516602531666629535920651089576947083291978997463869039223508681712377756778584311796844536334076974320227607975709352516685335924343454796876315364215621172819737161714472106307422651559267792412195913556212645e-246
-1.049227558598584227320409795534069920193441585981012731350382839984612085943531921664976685942396658134571290550478764066710519562507674969674411245678973756908241176562985760978948616756922354970939374183332721001767475141977301938768696607998456010593744070161985840858486189547620202617180162038927137e-246
4.006141595874443188795987929602454558505395186307845102890792653098573103799597798813389678487016761963154075454208384353374388360977019605725564726104464010209402460414770409646225205280907866737297903800295964760694650967781645675931696015664513901638260770097893727880133589421859491021331941813094979e-247
-1.529617691807809228523199069915179111554352453590910145365373740607253047175451039370460131366425792552432957232237603025119832891418101553765900526154287096466495998612795199416495213481747521636785139989395408365679463772754809283092193196972990384327196675961179324391989399052541312754247416835881598e-247
5.840358543665510578134076425564478833921334102711314701726137966352997777991096357201855363321743721992999920191121607003713720548324973068181633369702807550602645124119219777877389788861116785912078329157937594661306099586077183724648474157303941973819447560643302103244810201617141358192016987613248341e-248
-2.229954997069341341319703162751396329347474303864128230499495672364442264487816402972491583939524766539866048888804436032991470595510137083911645201112167190067672191259947071548797608957481697816820003491878669782726200285424621888981342334962005248305531203849767404644296544469551113720752128147617585e-248
8.514374452025465246676688788201045917863078538937952425501889178443734266729168335226986767645897851039764370536195780180683836777554400647275321400671752192710119467672825293752924349588673305575690326153818773034912301250421217545563107106047394196818810260248309963291831666852549744531875530986983676e-249
-3.250942156830410957103039971092424099316426056058197286275136582704949058895186236104311400546056515999991936145127409262757650120816807494894145545845654151122384697642387041921969626464807954096282384373837105415665900984355309472184658095766086786962889627840265603631299467615297521519555230767966059e-249
1.241269629818514954598980573857097316873795964183891183156339003323839747017201657044065512317818128563160458323938755868459287936645854334493759508325941664479793035500402676291452771092906993889111949212331048214743978850315356868080393220295099868469844768442873713965302428238591732212161304038760841e-249
-4.739385203168713420749742561039285447334938014711988050387422590631389732265033263446610805532929904334156908976349316208189966334171132969120555523894974094799962358436758155398502197203337765349550082440405183686063076638921929693307674610508444827574797504973884127824898110389257810089953078921404731e-250
1.809591256911158033943507877522128971619626095134361414229751925391189197979587173463786415740992818230511991482492933617009947279088294865735068568109976413776045850619050395514175506372482456661245334692854346917154228380482445609957325267141892087002914873497477874463083573539818165231243389426617886e-250
-6.909271865743669095112049632177153633858846080765771628627325756652789743579840890499762846667602154889317720409214249083118929013009789050650026545348957116461189674543488326230284452828656189977989435346520825433369028775271885465378702106007275758947459850205910598995816863644394040592842454895572281e-251
2.638160869352561134924730882577146615842954494116572957931906953537995126200907365831978289994445058471562197490830373154086468320048800048488215978338907769298033343903375524252525728243284692122371994030679335918634982656136367678638958894913075725624253406747541449626991201790307453491081302821435355e-251
-1.007224390614094556682359294468476732551672491338757370592070506860832756011715173329546110849467967828480692946497328432549209142389589572280097576775728883951119680483589352239298151547289714710966325135023973277468909058715075960966046154478615582816078050854493264563006389836449530534819972798323559e-251
3.846483537061787531187914275537384029285623190837902604404839495375191931661434693592509357399590151599207463002103914369347802421618377185185911709785520289681877133842969386254867740427330511651642628018678875983044240271737511592725812897945711939622889717993890114541547252574289262170310985162018858e-252
-1.46795998990713850404712488956700218493200234675562112612031206948518470721115884016442446479248611845645230896267884795327875756776316339129905068522805863884279474734427298181068705927374651135536553456020824184930622185892514770628228614977229295431135150769405548229034695700015697987591859341603729e-252
5.611729070522508986657786141355242982870632270509661208178874968175893125220189386510035423525379464117511123607518130463898840001289296367655067263329870595783674798369599972670484115023437125458735303692954612589399011373087254201519358556431784944641845168610951171861244531564720335512740142768466699e-253
-2.136099174130348463732522824273510472219694947235942981947901051231423194419058755540246352302521347142852756066328839169083719415053782003274282594132736899585199378714574321761310279495435210414721095440537182930723806843821383328344315417689102089367511426521909037803322387199188204631376410223383764e-253
8.219519287572440119948800793659913420453323526267082798514940831157668440895689354327309922992211942624163227391480900677545787917750280327450769706116641794434441569462830291685224622164752877177299650974885747629694818103161035610540388294007851067146111754112552180966692936784972780598340148468072169e-254
-3.077323049802916488266249337545505606231572019540894295035739515007286427835129065014495420884058570630379251541300512810406403674560382611129634403058529747278762086951551981564136684702352714995900540756047147661246005932420360490997090607544661693004848638794957869448265605716182126098690622395495645e-254
1.233777348220724389013101443391043214529220867325489952409541302987617159177290099317125394781158337164925312858442499869058647704563326384072212601032565980459841175731955015039729608065948767199373100476086628021414638150362730459614188642812857339754937081736631701755429926896312854650103445046843732e-254
-4.150217364103106753299753211755063421957418757099736593599926236066510935094178182333725844529983492189632281511147279369974205059809705076264836866182320342380905046092676763055969263651497872221909978500318325716564118825379280340248053295719363058465960804239111542591369146692700368928903338311821602e-255
2.119759458262866694476289402641623762948173108379089893855877666786058828316732209133380600645783044384073917418540343644842587091483760031213922450893965276082873411423911518151613572807324605406534631348421724643150445088760519669274403832618640523858432110423547324057986313682361574372128564794293312e-255
-3.056947600607488978807205448408197388180312988840477361741429846744610609041164305885535978331340511227180979831645388036221344224195993862437737951338457524848956356111648958645840496309633516625059451541753183818288093916849006924553169166728820489779595866204179549863608104659508787948743512514815434e-256
5.909726545018947155804320195616982808459206739829582632305193916464685244039284928972144103898718573960839499082240815818133843812807717667937011191669353705914510193797239674878791809166484663723419788265458502850407384967573880222153426755676856665030816301822214994467246133793428979429788637029514998e-256
2.139456134813964196564959275237488795019029093449023269531733226749760807739787257150882937312032272980642426682113945245062391450651162065378332050738341850167049969349825833072202964771687152867921567344083032589246301512655630784004012808854275614719521749347582806662618462766961420822456047230977664e-256
3.265126560402865216570140249012666596960953575339363751326992901732127142388282066257360481095531213674416158292166000415326637093104019596980964434103154444169482094751560076916939990670534456513811781443681934203042440307942154878591177502569345159878551859902967273230581909528295111571389359671148131e-256
2.477692602501742755296507446658929538077057484310954647849653473869271189780817119394102286481883851882022178743014692580669673902721290288253769242976341439293554436908720068833188737918963322810640430918634953932542424708258053438587661142791019610806831207148657602770471858819851965460503548577671709e-256
2.455100768692207313418119767576205167161099845283245809597915173081413575631930159780133260599964733913229851158043981824391257044431718769163938033517544918451854022350924353933593128438455937203391670780820519981436638273891944542958649027890302184496262482820334703195160762410534834012468525407068934e-256
2.077652251116850283283977530924578411231544341514765640041206478093083522251663499727461686768878132105928481935869771496413255221341901849028939736762707692660246226578413427821101612666705658405403078413869782688224249678538409683039417022926112146438209636287562699971774596445394132218948888392186932e-256
1.873260360103627344929524220998249844885242415429117719107174374163144125559193648854615898626916179736431129940622827162683081795824445116691298159211112413718597438717345566005251406592204699688031835957592479134169384776630907305591865358215340632177209327220821828317715532244606669285032266009537951e-256
1.521733178022388462525816486299939688255751431231870562708011618647679359744901484176869071196840911599372550820348179815478305120621492981584244158547848617195642375459617795237779340070765959872476650482182646883218449071592552778532079675113288455930337326654307696134438192212712546846467867387332875e-256
1.249772348410488876615793120229030702024564712010189185243060814631174067025069413711429408134684189862708802592643933972878625130761595247464615300834095322484091114923247673733676965538997286255702075052848176108805808529261134100597388805190139025789813782753113696938108044377197693562439800863839538e-256
8.520816234832827160660010236136703385766491162788053050767633219793043477905237087379852791868850445978072143303251947199880616104143406918246802785701810181506901755671586203508620774664185741050259110721509222255530796434973665778193021208184618767429004166289223662548990209902690088537530959373470441e-257
4.948968903362229426055174825853798079379746374890130064107601449300126903152702660200682715280948832390534116252019856515836124124326886942990475899902387425898805703484487028392314198101739275926494845304372970176328577724077084853524085029897519707752333937888290976671815894955284770918779346414436914e-257
