3.33333333333333333333333333333333333333333333333333333333333333333333333333333333333333333333333333333333333333333333333333333333333333333333333333333333333333333333333333333333333333333333333333333333333333333333333333333333333333333333340779192567875585518468706490357350752671988201564903218066567747e-01
1.99999999999999999999999999999999999999999999999999999999999999999999999999999999999999999999999999999999999999999999999999999999999999999999999999999999999999999999999999999999999999999999999999999999999999999999999999999999999999999999997157035564992958256584675704329748294865094282995888736785594407e-01
1.42857142857142857142857142857142857142857142857142857142857142857142857142857142857142857142857142857142857142857142857142857142857142857142857142857142857142857142857142857142857142857142857142857142857142857142857142857142857142857142858228352654405286068265071875188081524660357159067633787182505272e-01
1.11111111111111111111111111111111111111111111111111111111111111111111111111111111111111111111111111111111111111111111111111111111111111111111111111111111111111111111111111111111111111111111111111111111111111111111111111111111111111111111110696649188520001885046265487892836645300553438186198533146744257e-01
9.09090909090909090909090909090909090909090909090909090909090909090909090909090909090909090909090909090909090909090909090909090909090909090909090909090909090909090909090909090909090909090909090909090909090909090909090909090909090909090909092491581886256962499520319676330977853523860188642404697641222669e-02
7.69230769230769230769230769230769230769230769230769230769230769230769230769230769230769230769230769230769230769230769230769230769230769230769230769230769230769230769230769230769230769230769230769230769230769230769230769230769230769230769230165006941585548838390397996635388333684079216066594445640283007e-02
6.66666666666666666666666666666666666666666666666666666666666666666666666666666666666666666666666666666666666666666666666666666666666666666666666666666666666666666666666666666666666666666666666666666666666666666666666666666666666666666666666897370309949387180120402850520923817692121836196405225492739887e-02
5.88235294117647058823529411764705882352941176470588235294117647058823529411764705882352941176470588235294117647058823529411764705882352941176470588235294117647058823529411764705882352941176470588235294117647058823529411764705882352941176470500148448500608317323011999463497379156541014101216264484947893e-02
5.26315789473684210526315789473684210526315789473684210526315789473684210526315789473684210526315789473684210526315789473684210526315789473684210526315789473684210526315789473684210526315789473684210526315789473684210526315789473684210526315823106843446122926180580376956013938803638142224150609811326323e-02
4.76190476190476190476190476190476190476190476190476190476190476190476190476190476190476190476190476190476190476190476190476190476190476190476190476190476190476190476190476190476190476190476190476190476190476190476190476190476190476190476190463348724482339302872313424422567679630744020527030119139141065e-02
4.34782608695652173913043478260869565217391304347826086956521739130434782608695652173913043478260869565217391304347826086956521739130434782608695652173913043478260869565217391304347826086956521739130434782608695652173913043478260869565217391309251040375517878824247180274303516983009365881679788113818593e-02
3.99999999999999999999999999999999999999999999999999999999999999999999999999999999999999999999999999999999999999999999999999999999999999999999999999999999999999999999999999999999999999999999999999999999999999999999999999999999999999999999999998127863635276572749319117911030435491096390670415114920463493e-02
3.70370370370370370370370370370370370370370370370370370370370370370370370370370370370370370370370370370370370370370370370370370370370370370370370370370370370370370370370370370370370370370370370370370370370370370370370370370370370370370370370371085186073264769866084949589851860908467525985415643905513208e-02
3.44827586206896551724137931034482758620689655172413793103448275862068965517241379310344827586206896551724137931034482758620689655172413793103448275862068965517241379310344827586206896551724137931034482758620689655172413793103448275862068965516968449678330602324206848846612907250522546391498465146187495e-02
3.22580645161290322580645161290322580645161290322580645161290322580645161290322580645161290322580645161290322580645161290322580645161290322580645161290322580645161290322580645161290322580645161290322580645161290322580645161290322580645161290322684854657150299498863428555302056137641955205198842626980019e-02
3.03030303030303030303030303030303030303030303030303030303030303030303030303030303030303030303030303030303030303030303030303030303030303030303030303030303030303030303030303030303030303030303030303030303030303030303030303030303030303030303030302990513950065584570619762085932459634066348223881742214766834e-02
2.85714285714285714285714285714285714285714285714285714285714285714285714285714285714285714285714285714285714285714285714285714285714285714285714285714285714285714285714285714285714285714285714285714285714285714285714285714285714285714285714285729477908558193565362018930872163861925946767516152107053175e-02
2.70270270270270270270270270270270270270270270270270270270270270270270270270270270270270270270270270270270270270270270270270270270270270270270270270270270270270270270270270270270270270270270270270270270270270270270270270270270270270270270270270264469614275323636223027969017354873116760562453316811979168e-02
2.56410256410256410256410256410256410256410256410256410256410256410256410256410256410256410256410256410256410256410256410256410256410256410256410256410256410256410256410256410256410256410256410256410256410256410256410256410256410256410256410256412471206181753516682914792145538075403265974540525990102014e-02
2.43902439024390243902439024390243902439024390243902439024390243902439024390243902439024390243902439024390243902439024390243902439024390243902439024390243902439024390243902439024390243902439024390243902439024390243902439024390243902439024390243901593375036931021244085424756171582569365804415570889933571e-02
2.32558139534883720930232558139534883720930232558139534883720930232558139534883720930232558139534883720930232558139534883720930232558139534883720930232558139534883720930232558139534883720930232558139534883720930232558139534883720930232558139534884043814531095785082118594123081116089613047860480501054377e-02
2.22222222222222222222222222222222222222222222222222222222222222222222222222222222222222222222222222222222222222222222222222222222222222222222222222222222222222222222222222222222222222222222222222222222222222222222222222222222222222222222222222222098939126416939376991287582733724820752857209087157305173e-02
2.12765957446808510638297872340425531914893617021276595744680851063829787234042553191489361702127659574468085106382978723404255319148936170212765957446808510638297872340425531914893617021276595744680851063829787234042553191489361702127659574468085153454706212694069029422386036301548900073419432769081808e-02
2.04081632653061224489795918367346938775510204081632653061224489795918367346938775510204081632653061224489795918367346938775510204081632653061224489795918367346938775510204081632653061224489795918367346938775510204081632653061224489795918367346938757537362676631087903045086681312560002319417093176423395e-02
1.96078431372549019607843137254901960784313725490196078431372549019607843137254901960784313725490196078431372549019607843137254901960784313725490196078431372549019607843137254901960784313725490196078431372549019607843137254901960784313725490196078438234906646972077182778027122352509157078906532111459312e-02
1.88679245283018867924528301886792452830188679245283018867924528301886792452830188679245283018867924528301886792452830188679245283018867924528301886792452830188679245283018867924528301886792452830188679245283018867924528301886792452830188679245283016247751616035542960200926564793799051047724731712831363e-02
1.81818181818181818181818181818181818181818181818181818181818181818181818181818181818181818181818181818181818181818181818181818181818181818181818181818181818181818181818181818181818181818181818181818181818181818181818181818181818181818181818181818182818611475592604084021001446745429883207997013571744419e-02
1.75438596491228070175438596491228070175438596491228070175438596491228070175438596491228070175438596491228070175438596491228070175438596491228070175438596491228070175438596491228070175438596491228070175438596491228070175438596491228070175438596491227688193205766918503778303156214985341157768152097006909e-02
1.69491525423728813559322033898305084745762711864406779661016949152542372881355932203389830508474576271186440677966101694915254237288135593220338983050847457627118644067796610169491525423728813559322033898305084745762711864406779661016949152542372881501779965015667440610577551039722578521999540031947106e-02
1.63934426229508196721311475409836065573770491803278688524590163934426229508196721311475409836065573770491803278688524590163934426229508196721311475409836065573770491803278688524590163934426229508196721311475409836065573770491803278688524590163934426173820869555082901738062458591334018397940235965601312e-02
1.58730158730158730158730158730158730158730158730158730158730158730158730158730158730158730158730158730158730158730158730158730158730158730158730158730158730158730158730158730158730158730158730158730158730158730158730158730158730158730158730158730158751421164167653868372393897752955621542762019188986414e-02
1.53846153846153846153846153846153846153846153846153846153846153846153846153846153846153846153846153846153846153846153846153846153846153846153846153846153846153846153846153846153846153846153846153846153846153846153846153846153846153846153846153846153838035462259529900320481569350028886476744992908752265e-02
1.49253731343283582089552238805970149253731343283582089552238805970149253731343283582089552238805970149253731343283582089552238805970149253731343283582089552238805970149253731343283582089552238805970149253731343283582089552238805970149253731343283582092651985383800062715206741508333539808360980983393692e-02
1.44927536231884057971014492753623188405797101449275362318840579710144927536231884057971014492753623188405797101449275362318840579710144927536231884057971014492753623188405797101449275362318840579710144927536231884057971014492753623188405797101449275361135300977266066718142646389917169219317890790823946e-02
1.40845070422535211267605633802816901408450704225352112676056338028169014084507042253521126760563380281690140845070422535211267605633802816901408450704225352112676056338028169014084507042253521126760563380281690140845070422535211267605633802816901408451156122291227757429295103556776947120098897154999559e-02
1.36986301369863013698630136986301369863013698630136986301369863013698630136986301369863013698630136986301369863013698630136986301369863013698630136986301369863013698630136986301369863013698630136986301369863013698630136986301369863013698630136986301369690471230968084033452365464448893651173592530391026e-02
1.33333333333333333333333333333333333333333333333333333333333333333333333333333333333333333333333333333333333333333333333333333333333333333333333333333333333333333333333333333333333333333333333333333333333333333333333333333333333333333333333333333333333399213184622549160032755190588439724544468741591934e-02
1.29870129870129870129870129870129870129870129870129870129870129870129870129870129870129870129870129870129870129870129870129870129870129870129870129870129870129870129870129870129870129870129870129870129870129870129870129870129870129870129870129870129870104716004832497419924693002304932974098177274778542e-02
1.26582278481012658227848101265822784810126582278481012658227848101265822784810126582278481012658227848101265822784810126582278481012658227848101265822784810126582278481012658227848101265822784810126582278481012658227848101265822784810126582278481012658237452403552986610004677902142128532060201191774763e-02
1.23456790123456790123456790123456790123456790123456790123456790123456790123456790123456790123456790123456790123456790123456790123456790123456790123456790123456790123456790123456790123456790123456790123456790123456790123456790123456790123456790123456790119789692886607328125207852778532150440346785063555e-02
1.20481927710843373493975903614457831325301204819277108433734939759036144578313253012048192771084337349397590361445783132530120481927710843373493975903614457831325301204819277108433734939759036144578313253012048192771084337349397590361445783132530120481929111007773085574849270904151165651823143087997029e-02
1.17647058823529411764705882352941176470588235294117647058823529411764705882352941176470588235294117647058823529411764705882352941176470588235294117647058823529411764705882352941176470588235294117647058823529411764705882352941176470588235294117647058823528877156480650746810413153702982566222221685207405e-02
1.14942528735632183908045977011494252873563218390804597701149425287356321839080459770114942528735632183908045977011494252873563218390804597701149425287356321839080459770114942528735632183908045977011494252873563218390804597701149425287356321839080459770115146651876241685051766923569797995921217231653362e-02
1.12359550561797752808988764044943820224719101123595505617977528089887640449438202247191011235955056179775280898876404494382022471910112359550561797752808988764044943820224719101123595505617977528089887640449438202247191011235955056179775280898876404494381944533983764217379090991431708675180905708136266e-02
1.09890109890109890109890109890109890109890109890109890109890109890109890109890109890109890109890109890109890109890109890109890109890109890109890109890109890109890109890109890109890109890109890109890109890109890109890109890109890109890109890109890109890109919868007508826708819738638040797037846375589122e-02
1.07526881720430107526881720430107526881720430107526881720430107526881720430107526881720430107526881720430107526881720430107526881720430107526881720430107526881720430107526881720430107526881720430107526881720430107526881720430107526881720430107526881720430096164691506395653078949912219980358542187030141e-02
1.05263157894736842105263157894736842105263157894736842105263157894736842105263157894736842105263157894736842105263157894736842105263157894736842105263157894736842105263157894736842105263157894736842105263157894736842105263157894736842105263157894736842105267496185610665192022046650571657707936322423953e-02
1.03092783505154639175257731958762886597938144329896907216494845360824742268041237113402061855670103092783505154639175257731958762886597938144329896907216494845360824742268041237113402061855670103092783505154639175257731958762886597938144329896907216494845359168303998149822367205044713217079018558174176e-02
1.01010101010101010101010101010101010101010101010101010101010101010101010101010101010101010101010101010101010101010101010101010101010101010101010101010101010101010101010101010101010101010101010101010101010101010101010101010101010101010101010101010101010101010733468411649805778889466120450546931269543600e-02
9.90099009900990099009900990099009900990099009900990099009900990099009900990099009900990099009900990099009900990099009900990099009900990099009900990099009900990099009900990099009900990099009900990099009900990099009900990099009900990099009900990099009900990096595060774163124167209517507304556121091715748e-03
9.70873786407766990291262135922330097087378640776699029126213592233009708737864077669902912621359223300970873786407766990291262135922330097087378640776699029126213592233009708737864077669902912621359223300970873786407766990291262135922330097087378640776699030048244079156819749474705770398102510963776784e-03
9.52380952380952380952380952380952380952380952380952380952380952380952380952380952380952380952380952380952380952380952380952380952380952380952380952380952380952380952380952380952380952380952380952380952380952380952380952380952380952380952380952380952380952380600333517188452698124307566446264401475410931e-03
9.34579439252336448598130841121495327102803738317757009345794392523364485981308411214953271028037383177570093457943925233644859813084112149532710280373831775700934579439252336448598130841121495327102803738317757009345794392523364485981308411214953271028037383311988753382889766055313606724482431906509189e-03
9.17431192660550458715596330275229357798165137614678899082568807339449541284403669724770642201834862385321100917431192660550458715596330275229357798165137614678899082568807339449541284403669724770642201834862385321100917431192660550458715596330275229357798165086291722007510799408148739689018157791437168e-03
9.00900900900900900900900900900900900900900900900900900900900900900900900900900900900900900900900900900900900900900900900900900900900900900900900900900900900900900900900900900900900900900900900900900900900900900900900900900900900900900900900900900900900900900920497449510864497933216151126131365927133087e-03
8.84955752212389380530973451327433628318584070796460176991150442477876106194690265486725663716814159292035398230088495575221238938053097345132743362831858407079646017699115044247787610619469026548672566371681415929203539823008849557522123893805309734513274336275704012684361392064019944481838455529794733e-03
8.69565217391304347826086956521739130434782608695652173913043478260869565217391304347826086956521739130434782608695652173913043478260869565217391304347826086956521739130434782608695652173913043478260869565217391304347826086956521739130434782608695652173913043481118035791232504312986880826859033184876743e-03
8.5470085470085470085470085470085470085470085470085470085470085470085470085470085470085470085470085470085470085470085470085470085470085470085470085470085470085470085470085470085470085470085470085470085470085470085470085470085470085470085470085470085470085470085361038344188458188156219739506867954460237e-03
8.40336134453781512605042016806722689075630252100840336134453781512605042016806722689075630252100840336134453781512605042016806722689075630252100840336134453781512605042016806722689075630252100840336134453781512605042016806722689075630252100840336134453781512605458802406075946475463427903150265320812753e-03
8.26446280991735537190082644628099173553719008264462809917355371900826446280991735537190082644628099173553719008264462809917355371900826446280991735537190082644628099173553719008264462809917355371900826446280991735537190082644628099173553719008264462809917355371742091872474900197376871894699067382643062e-03
8.13008130081300813008130081300813008130081300813008130081300813008130081300813008130081300813008130081300813008130081300813008130081300813008130081300813008130081300813008130081300813008130081300813008130081300813008130081300813008130081300813008130081300813008191067489196566962397869843494029045666141e-03
7.99999999999999999999999999999999999999999999999999999999999999999999999999999999999999999999999999999999999999999999999999999999999999999999999999999999999999999999999999999999999999999999999999999999999999999999999999999999999999999999999999999999999999999999977069993958638161554269042690392885796300e-03
7.87401574803149606299212598425196850393700787401574803149606299212598425196850393700787401574803149606299212598425196850393700787401574803149606299212598425196850393700787401574803149606299212598425196850393700787401574803149606299212598425196850393700787401574812237320867037722314682785013737572042484e-03
7.75193798449612403100775193798449612403100775193798449612403100775193798449612403100775193798449612403100775193798449612403100775193798449612403100775193798449612403100775193798449612403100775193798449612403100775193798449612403100775193798449612403100775193798446452667024840080217530067289261066599903e-03
7.63358778625954198473282442748091603053435114503816793893129770992366412213740458015267175572519083969465648854961832061068702290076335877862595419847328244274809160305343511450381679389312977099236641221374045801526717557251908396946564885496183206106870229007635077960472799644909887650612000698387075e-03
7.5187969924812030075187969924812030075187969924812030075187969924812030075187969924812030075187969924812030075187969924812030075187969924812030075187969924812030075187969924812030075187969924812030075187969924812030075187969924812030075187969924812030075187969924781041846815544950111132920404897685436e-03
7.40740740740740740740740740740740740740740740740740740740740740740740740740740740740740740740740740740740740740740740740740740740740740740740740740740740740740740740740740740740740740740740740740740740740740740740740740740740740740740740740740740740740740740740741088743006895515908964962253798727801099e-03
7.29927007299270072992700729927007299270072992700729927007299270072992700729927007299270072992700729927007299270072992700729927007299270072992700729927007299270072992700729927007299270072992700729927007299270072992700729927007299270072992700729927007299270072992700802888207741868509285757901740498438269e-03
7.19424460431654676258992805755395683453237410071942446043165467625899280575539568345323741007194244604316546762589928057553956834532374100719424460431654676258992805755395683453237410071942446043165467625899280575539568345323741007194244604316546762589928057553956983961885741877272113003811919921579679e-03
7.09219858156028368794326241134751773049645390070921985815602836879432624113475177304964539007092198581560283687943262411347517730496453900709219858156028368794326241134751773049645390070921985815602836879432624113475177304964539007092198581560283687943262411347517826510679076640861540592411143056107878e-03
6.99300699300699300699300699300699300699300699300699300699300699300699300699300699300699300699300699300699300699300699300699300699300699300699300699300699300699300699300699300699300699300699300699300699300699300699300699300699300699300699300699300699300699300699300788480169136358103918249073323834909358e-03
6.89655172413793103448275862068965517241379310344827586206896551724137931034482758620689655172413793103448275862068965517241379310344827586206896551724137931034482758620689655172413793103448275862068965517241379310344827586206896551724137931034482758620689655172413860554740930992897289096404781555479757e-03
6.80272108843537414965986394557823129251700680272108843537414965986394557823129251700680272108843537414965986394557823129251700680272108843537414965986394557823129251700680272108843537414965986394557823129251700680272108843537414965986394557823129251700680272108843587827403691158542586705974902522288567e-03
6.71140939597315436241610738255033557046979865771812080536912751677852348993288590604026845637583892617449664429530201342281879194630872483221476510067114093959731543624161073825503355704697986577181208053691275167785234899328859060402684563758389261744966442953020169887597595712732616968270095657270944e-03
6.62251655629139072847682119205298013245033112582781456953642384105960264900662251655629139072847682119205298013245033112582781456953642384105960264900662251655629139072847682119205298013245033112582781456953642384105960264900662251655629139072847682119205298013245049962700820240908842494704959067299461e-03
