8.1181224916460582e+17
-3.0996467695375853e+17
1.1835014938234416e+17
-4.5188238855076856e+16
1.725369119921116e+16
-6.587773003335172e+15
2.515331510364339e+15
-9.6039930395729262e+14
3.6669791605642088e+14
-1.4001193158517883e+14
5.3459101150704648e+13
-2.0411656802996324e+13
7.7935416884167783e+12
-2.975715917395498e+12
1.1361824411873718e+12
-4.3381511390790558e+11
1.6563849803756387e+11
-6.3243790159797218e+10
2.4147628970104275e+10
-9.2200037885853882e+09
3.5203650829142919e+09
-1.3441393952946844e+09
5.1321686002146316e+08
-1.9595552837198326e+08
7.4819383560051605e+07
-2.856740099582481e+07
1.0907553107319124e+07
-4.1647020957086342e+06
1.590158981801562e+06
-6.0715161143945076e+05
2.3182152415143393e+05
-8.8513673084818409e+04
3.3796129485207421e+04
-1.2903976962193608e+04
4.9269727601702998e+03
-1.8812080555830148e+03
7.1827915168776838e+02
-2.7425234141770909e+02
1.0471421397362046e+02
-3.9982122685812776e+01
1.5265553099936255e+01
-5.8290313810825589
2.2252460824652398
-8.5004309980953097e-01
3.2413731915206911e-01
-1.24208460235262e-01
4.6954160820210644e-02
-1.8424576990879737e-02
6.5104747614710412e-03
-3.040168230192708e-03
5.7391524201633182e-04
-8.4140614984595796e-04
-3.3968743880075092e-04
-5.7366966107019746e-04
-5.3105661151564565e-04
-5.9908601407965278e-04
-6.3052804361585224e-04
-6.8328504881320917e-04
-7.346181445331279e-04
-7.9981904820458638e-04
-8.6222057685492182e-04
-9.6246336800587251e-04
-1.0124630550351066e-03
-1.236167885279138e-03
-1.0826856306476174e-03
-1.9846094963202887e-03
-3.975129656924592e-04
-4.2873479967776573e-03
1.5042365618964659e-03
-1.1331352440597353e-02
1.7027439832006053e-02
-3.6651518776764536e-02
2.6958338219166489e-02
-5.1850103201136366e-02
5.1136043053141567e-03
2.2408934044193085e-02
-1.2940896562320792e-01
2.8446996162106286e-01
-4.8436233723316091e-01
6.3998989021438302e-01
-5.8485082686357415e-01
5.6682204693553118e-01
-2.5662562746314244e-01
3.2525497016185678e-02
-5.8468203253015938e-03
-1.9744322042817286e-03
-1.2278426487384309e-03
-6.9011732025936467e-04
-3.3283081578050489e-04
-8.8333026251330438e-05
8.2560764105732432e-05
2.0398371243146585e-04
2.9129067234223704e-04
3.5454574894577817e-04
4.0052092238807013e-04
4.3387960357210709e-04
4.5789923058126014e-04
4.749248966948727e-04
4.8666139899866678e-04
4.9436559028781524e-04
4.9897569835133382e-04
5.0119989891350691e-04
5.0157801128425383e-04
5.0052513551568367e-04
4.983629504842213e-04
4.9534244997762045e-04
4.9166065309558249e-04
4.8747301840079693e-04
4.8290275789986126e-04
4.780478890009654e-04
4.7298661891215232e-04
4.6778148773163331e-04
4.6248260823422704e-04
4.5712779035045337e-04
4.5187175877847707e-04
4.4292584355209996e-04
4.9297483188714963e-04
1.6047103299476895e-04
4.2434414114289609e-04
2.3708692073627358e-03
-1.0402344892660453e-03
2.8158928854140619e-03
-1.3889714283410459e-03
1.5446701830310605e-03
-2.4993258516858852e-04
3.9206307428707454e-04
1.6713000363788311e-04
3.0198843123940833e-06
2.6540313762435375e-04
5.2619424849575935e-05
2.6569703845846782e-04
1.5018464504201745e-04
1.979627324240063e-04
1.7442842442294548e-04
1.8756542683773247e-04
1.7841214434621833e-04
1.791396011978641e-04
1.7542643706303096e-04
1.7313193478574185e-04
1.700642918887052e-04
1.6714819320617913e-04
1.6404945137926674e-04
1.6094181225279058e-04
1.5778095657537072e-04
1.5460398522737506e-04
1.5141216619674047e-04
1.4821673621301379e-04
1.4502309416752901e-04
1.4183645143761581e-04
1.3866078898017165e-04
1.3549917029420655e-04
1.3235407080358641e-04
1.2922736900899956e-04
1.2612053013572044e-04
1.2303463494123257e-04
1.1997047727407839e-04
1.1692860216361289e-04
1.1390934959409904e-04
1.1091289462483722e-04
1.0793926897223471e-04
1.0498839034500662e-04
1.0206007804391959e-04
9.9154071367957286e-05
9.627004176948617e-05
9.3407605298301277e-05
9.0566331151897828e-05
8.7745750313006354e-05
8.4945361902732941e-05
8.2164639022552777e-05
7.9403033488745223e-05
7.6659979903359599e-05
7.3934899066818716e-05
7.1227200881152086e-05
6.8536286782494571e-05
6.5861551808099605e-05
6.3202386320959647e-05
6.0558177464642426e-05
5.7928310370769509e-05
5.5312169166432668e-05
5.2709137799755723e-05
5.0118600716242412e-05
4.7539943400343176e-05
4.4972552807553967e-05
4.2415817693264302e-05
3.9869128861891312e-05
3.733187933785409e-05
3.4803464478372348e-05
3.2283282023648496e-05
2.9770732108413966e-05
2.7265217224181626e-05
2.476614215130013e-05
2.2272913857701582e-05
1.9784941372336107e-05
1.7301635634847656e-05
1.4822409327708286e-05
1.2346676689922731e-05
9.8738533196307543e-06
7.4033559622765921e-06
4.9346022930052413e-06
2.4670106892887844e-06
