-5.8233462378868903966000e+19
2.2234594726477217878062e+19
-8.4895725319276650078203e+18
3.2414731485541993667773e+18
-1.2376533839934215762656e+18
4.7255856479748823832422e+17
-1.8043145201358641817407e+17
6.8892008950642087023193e+16
-2.6304221599336069515594e+16
1.004343006520104479184e+16
-3.8347642067131261315918e+15
1.4641826971086482159328e+15
-5.5905157525966563013887e+14
2.1345605600823601649499e+14
-8.150140320314461541903e+13
3.1118717586655259416193e+13
-1.1881692169450149817228e+13
4.5366461010628224117979e+12
-1.7321739658603144149743e+12
6.6137551423760877526365e+11
-2.5252519634523623664794e+11
9.6418711331848573889351e+10
-3.6814417053948784949956e+10
1.4056413784263522571651e+10
-5.3669943539641267491534e+09
2.0492160260853847688522e+09
-7.8242793720721552237137e+08
2.9874521241269557148144e+08
-1.1406635380665422830032e+08
4.3552607839951097024482e+07
-1.6629177516758088267736e+07
6.3493223460255817206033e+06
-2.4242866931375394526036e+06
9.2563675757131544848821e+05
-3.5342492418184035913153e+05
1.3494408103665713696717e+05
-5.1524085104736219336119e+04
1.9672850572231934696943e+04
-7.5114344191734846600608e+03
2.8680194100470944025896e+03
-1.0950451905095952099718e+03
4.1812451795026919307112e+02
-1.5963152916168203675228e+02
6.0965772022227529685853e+01
-2.3262370266070885827984e+01
8.8964445467925566228822
-3.3808832227166036817833
1.3017823205629578253576
-4.7402673650834562608849e-01
1.7123034593680732394131e-01
