-9.41136336788166947525686374578168224121687532533950234340569640751029997667437732395208962862662843243811271506720540118145617842399904930670979444185530709942156453746707695832660466110122497932551641978822218854717222221257527075869871047654137582138689482741561432428004584457099739399492510934632133e-02
-4.58544737605098324797315057499627238947540974039747510722204287634142980647323073281356242866282156671595937344215940283589136159044461009984054358064927993053624170851041232636928296637805642974679849880361612104921571528895711137856035303139111722330915548392984453039416683744035585741286049384998581e-02
-2.89228437800714939895062108972597005995434581035836708365104222345283177868259071687443331478982759997326474710647607750999756808983555555144578286372572581794092948563748432453831164444653598741075178730523218433908685831406886556595959952760747559536168895635454741272469350119526596594565382945020058e-02
-2.0723951497715679659089101636008125992834363053933689716970057650441665821336382247501454688780394541561078763888786538418251886084817380037621781595804886441444947109191763898647643620419150995649572763515357477406132474615536317716644873005900644343578878998091222084400618975212068245653622234103893e-02
-1.60020838389875261726240048166576836173865466333340541031196391460233782298796433315347155276055853911689015209821039548495261318519909278647271262255108410071309150068655528762559198016149536013901934178131980936562835438542829697047592417132452188346266224187320322614388068430010968874383567841244158e-02
-1.29711461156042183251956998865625018951037794114734843622652337427877026928442771772192198069202215055001478028293633947625232003410418067881243006133691294403538431450549637538647324368214602706524067209248941780876935026137945528836974620386415020681928186198340509689820421143605061487344970427509097e-02
-1.08761403567978932438446890305541725161205599282454637061063290319150531899050243432185334799846711568317256359560006988030815715331417791760458616595040541874225536405073565918746027092846216020086372278495681290579974110998791033849602176643443199123972229176969298994107263055416588031476143493109735e-02
-9.34839794776142666836696292065120745497656818871905099325027750486413548454573653570314037587215628658914224008432580315410353093181051525264407629808012124983201046466112163708709105103707461810678398810571661607043326960185742698946008732383046399850577388192306032842965957879551928626590852423467978e-03
-8.18835897341570431701218915562301572844084921356617461138486222159347372317258446142295761369219704753756646206959426577047226446276877144129472491087582345003151924833819779163460685131084389684187435748556550052596677355617124667293512884259728789096729127784816362178398870013121464645828369157380172e-03
-7.27930635209729114442973693165225486822084335669077249292650330716247388591496786044710640359700747770396224536329212629104331737731090169435656663327857184421759508024390932154725680765231527786261173517544202166575519318835037938269139691839411558495864275465390730381108711808472150243776629919119607e-03
-6.54872992821087497159839395361278917816043734306737566688478194561119580664194677437639348196629682752702348800378401310928149343991324126891640917715852939589029636560106968433415408072681811478646891481833403662572546138380095761147732845052159771006425059919734585648784463937939992586484025792385396e-03
-5.94935194159445576020710670237496943396538925935642088726589198796927662078079891535632397331086760855128249231303409676837805083541943397846330543830510768703332742063866524292325689609620634952792445156848967614837448345508004485560740577023487057413720529645342362460554725919388035007971343467064161e-03
-5.44910179846708544674968977066102594150672956550251789925861161039631818737791651730406707063284770559288867723524111724236085097860511482093862737599536764019397019400475551884767223657741239803841917441356711395923387731837852324533631935727318086692879605299837499415103563548440800594969257867690458e-03
-5.02549469460986015424514806381723172539693603719533293222437162200871253601767126438675881228833031889211994073713329438151960146795754613382114564128880765144921559544367739994405985383284754327977207076725756896592762588669382595060774363858062014006578706151028737959023068095992987104748519449735304e-03
-4.66232009150698058855618334414400172007783232528436075350462543494656749466437241354166241003379043340757374040616510759369370536804878487005422361965918031290605595739812503879953304918733484674029212233003070123528894337365405470263194422445776110694553550441618834286581384829472341801470949836418272e-03
-4.3476079570728237016796440303927620921383072368111124675478715000747913073581349638270038592400521749948273600465044505917889765004562788058368371222517611237561174876910066693255653085537228730576316276328044984082956760015687209999716386841962012509908515508759327253811644342068088025754337423247284e-03
-4.07233445426116856894121051313199319527769763180582198752594756106728409122733629542312478920668851502405673817141834251163288106529905796810647059802702995205891172005861741883209833667042427677490834268482741155935920425090627312404769374078859392621500795574417431302431252505485849102883226148338726e-03
-3.82957245148261648233675913547129697947536972247091100017004496257326767405982240450960617489072575103250649039192420565110447554688966505139545785011929072668102222543808421451828514932205890961866031526519529247695082896553294054668992824377779732898251222214709009400508987449657488380469691181358603e-03
-3.61391877165719648643910885906973341807919069127034006654224770958547542762534378992582801024413217431542160680535678891665908311658137967675712039403717236845231103936092061208665969197635372784082503133670910787590573850299254700737489054651764226452260513973143457191494723319508944895946338050883955e-03
-3.42109876020736986355711294657181688398685235492907670940495431830352994784459992448024667101669605330593080503840247595386250687717493347059750868243998793664117873361945029300130486782369627654364512276058808043943578944595964009817471352910003015712310987372709635876579714669240073079424290119409553e-03
-3.24768746794930145828507551954539654253379195434547630619065704227344193557488393824576129661019193766264421017141493028953682539075435324658432494649128104571048808598096916576972917358356257830676692579570835068279529177173109247964599708623166983424359230127819459452953288686815948023752475168067903e-03
-3.09090932574226779229011670104439174195840583657284743607452267699585887736745678814298164543511727896320608425375232832088369212126844924445149835473207042049636576287600585059196027599267231256028452081853284145017599077611750673552417374052726255073771051000036358532645523456679394434966225812464355e-03
-2.94849175986589473260007851939123840714926195652457713090294523679951988814671940930168699953153817791828048832324534853179252242649697671256538050135550290188657562083498403799930153677784873876318045751249487415185274859427070038241366705967514917561885283266458082804501935025630603330868529267741594e-03
-2.81855657673787989148849007270475063284339884097605422289959908763229075661700447965039120504770273995711990148619855180834441889915841556580049905179911277307719620421460908596128330674323474267570530155933262033345976690150734502470470738626411869031484167409890558857420197428196390030181454116111858e-03
-2.69953824594823663088427064179072320205781345146607504558792174263662874854995770406231536729726395471900250910214798765007291099310257402342212798697638758904159517937150838122874369127286356756396491141276026510687407198251019691698833290615639846028064990017714236994869632808528276569260384809338157e-03
-2.59012163736594971251137789768660107817686519737640857279396596319877207691652705067429596256366706717423333860856816693009425668463991634338689348364653984231362837236054751749343819124911654906849712729452499452535989883905825455824190092695957707282359937197185651187904228107032004727593698314413551e-03
-2.48919402804578791309447697404780356527446448923288570675763851858948572790854322047338423296815950362210575406863497157322176798555058163663126331141461182473603387649310661112024880499426442605550422084644600042260082965504244159699003462628243035854606687706639534472300688671704940324580237370331649e-03
-2.39580771243012922977869007806321261274938421525791180132204678149549142436829763159941667238474852492438284064672120772901630370351802175778514320895544702348907759093785661364420399935136862945145136194449280158920073326572160611989030731076996836390053891080150550610843176259937516050952062323978848e-03
-2.30915058576036140035303477462071514284761777868738344793692953001859806587622877442043590906367027993742490834301182975907244225187611506719248876007930351256640697889259971014623148242256144672415513602414266085884801455745437006580000987372885981743789921843366869314657201149456699859976928455133533e-03
-2.22852278926118554215577187528248018709892521663160816262405733038504437231608006441573841236444936976549282857834657889835348469837497080367281021600628856233072290244491649655407158835310425936652468046390505818731568163796806232138645964457579158855621593912804045684585744956950844349538477313404053e-03
-2.15331801106320535638425675500161019417362846773682666956837671747824129426381046161402021499100600118214330109143209797395687887392259391258776369522746211780923707020217183347749110539585362768082790466661853397527558927838414746150688390000763373313117450999171895341191309717557960843038862060212365e-03
-2.08300839694501774478179902566685603024555899294569812158800305772878357709193854557106229272417116660050063728527079870149268770418522174929277763399055715178828192385698242132717025674080083288738270807951505141939092202018529575837234444206333009795658526568893981887227725704701840382578914665880849e-03
-2.01713228470868754459055572568977322031370996550693905735628332699753692157934076179452024653127719604286274264725277877450351569674487813770315215200968146942708619357387226817732873857574797685063044885089630871697631041923851003145038152062105774444038513657587327042103642453263108891202609493111852e-03
-1.95528416546629543465699810497234125738173351813663645572499003970171761611226481266810281938810900152015192879122198278118010552612793726155996267432067966776780693041615458650278403169386765567035794768017860129933789677771928947344923033871800344126101508973999337341989111625349943387092810573593756e-03
-1.89710641478867211525742469694820627715887385184167668548506561285164519616842477353837638093887536988660613912391343637220329779012148462418319227735334998916118540072013076087190245685499513565649965438129330630947367261330475658895024784451608411887640555363014009735889459955616863876935727668270938e-03
-1.84228244065784314391647966487426411178898908248607027100327119138200228660037411808674792757075635657161088146484704583202987663401345500504873306722831902180318573413257051371343247465311643423955402779434948883038372422159314577333251167704559773509084196628725630106548584892789769842439320403581081e-03
-1.7905309733088908115115504623452729163624361647025973699049532358740222037569274165632836884610394562364465302227389337742754764332045269910562412959733663856110635672264693350691097451379974836082061098287397716999738102721424274693949105698927954185312257075942393211874792173495065281720616633892985e-03
-1.74160128128216109612937403226558717594654023669611676097546985668355534078360098719752574333421505295700897013523042870111377493136405465837666208854251596503892396949806993608648384889138211897022660991382429783772554472803407367443499787412200975341625542988514822090406027113454609334570505497896301e-03
-1.69526914327784428359718937801509963583881595085050295000783419956183947136016275824796513963054123934562412849080599043788860781023059858057386821437062653380908520283293866869188092411508938050939969849294552525627760318459190606440014714086948974440501284479987045703943240004527530837253445934580627e-03
-1.65133344027210601672817251337450859031962842827176947306472008914769313284982810432801876676271593799446786243717064124618189511096759714807885405836637425187591504717461734421751772508704192786653815568065578465614053795549279034873478555792209624505208418595620322102750876669212433873102635590447346e-03
-1.60961325940472163621875619731537375447868042251913149374696652019106175470870128021496008833172956588826226910091491848441490986714692107773979390933021348738655092629144640435890769195163698224989130469954033255336192622625583573318825596825760723877344117442777958530123164024764272635829554355195327e-03
-1.56994542228011959442487909061244786212394038668926097962142436037279746971462983602384331376235220661645908155149502379405680150755556878630428892906088202312533508362964274468556303038982968996304053494752389182387111038601976232238877932660045428575663535899239520793531982018824136825888683386971074e-03
-1.53218236694019253774607572602956206346549568901294108976984031658686774564384611007199477305532587877150341763969187164501882010405584924826051852670788267890457680083021655320725550109921336225405005044241116892198414439519051134665932510889369870456714154314020653483262761812072988472737223237298222e-03
-1.49619032591433810250467435748825465733142649555964944097159660500214849835881288085811396722906740356749677996359857672321096895111767807003354195133401345577012794686896705900755797846661767955927904925070896409740056410941400345499618602204659242431660856492712612283286709423940393252267331720200839e-03
-1.46184775321576734734265697963777326475574686905841713171456388296453143003427387806542562761962835103357315909536029127248297969660447441741423263622673922593373195865940348477141241665798958413764302745071919560910923255004893016943916930315317782478330387202045737903854173389210466360031883773910918e-03
-1.42904396152770807693232461277397215043802268677084505142757097583354236712202049443085616150412601123922999197232181843679979846955259266651883466867110631222535219237125964623807667426052690754516490552960606788378287288639371530031566799621657181437511593963844699773827421670496452873593071869714301e-03
-1.39767793756164571279168602318185235070318800532206568857542076785165192667426075134531330304159413775811198119982419941158978971918751444948490760653696188990882944699011210852542598890342057246381822331597749908344250273943623063309352751879177270713143551386641260606838335135039054660290943393304415e-03
-1.36765730901946577048909794306136479135735746931772806720944250169370112352395647171191316224801352794173641699651285393264358665698093379158309012099226467584285484085604616081613149773244067219088434280688568464436080470036271474999463672138636031882875757386215414745482777413521717319089092283150108e-03
-1.3388974410202342713644503738657214194231536631293199974599467159924628971449977955567665161326096559400809331924144126305467107632237060273905406192302161602550746522115985708136382370897673720480291134096989388870869960517654589659387825457430792585315683660795629479830024459850965913173366360168721e-03
-1.31132064346833970578211705231794533287660262666179665160758178687513126949744116485145897847576009873378139349944455694962542366378770544712818680260335990603446937965717457478828717134972404075765416358934195182539533742817442143015524259534119112745456135878181558876848048144900738857042369802367257e-03
-1.28485547380515064731318526640896746623756669124505728406710590195522462591814145953043019024173429457830474086294569966000016533175485250295493378704657007222192982674142800295566821948338254747757086339764349998159657719831973625433955346146579086464232461646758490780838901633371269017177047084393061e-03
-1.25943612202861234389260386655423208133389740559094248089497731053299589428838740072228530600315366761802948881413432975267906637271460282703097494312838397717490682215504681120116403491794821858800873574394146956035806487755994105684909385630666541110937189736726532776324583835877374239942247584394892e-03
-1.23500186688481426503589889174062206247361628034398859144172822219709225717688825773071890136721983858500658254152528562289943690829261631156599610651352721621272232994337322339257282285693928997759132125249169747800436806724240473715841742376009470539427184453148842569468281142807639933635472699691394e-03
-1.21149659381218766712188987220235210200754066724017795088279510548118225836871588447047558986553367141005484819296785568261719641332505629282976636257777934193288371683386629102778107299691687488167971455122156399267434305939009931497551634647109907542424074005758154914270794348195340350439297740777386e-03
-1.18886836661611095872967651809085675812364231311955481484811461711221272541233738544865360787112472125176014955142845183589948878584146230476715791726195807831060867058813347328078647269533949161720534480021253844851033267590175898383175086715046925940299158102942890499605072029345723895398775548962739e-03
-1.16706904602010653601577877197435962873219346237182426346277765842031389108913915753047769305328970918526186824967436267088226777765467427830277645641641469892840989678193934588714010840515037120546441852875562515850742524509739890302080847188125412576976685597824628676064332583224007504876857333588365e-03
-1.14605394922033501004015570371489786607828529370056080089455375889369837104126557755144750392799819404805603442694081567091540470823774551219118280510659630736992668612091410745705377882673490775838490248851565761992830557818255400193090392546840171193372841711495092331301027946999986879884022116544809e-03
-1.12578154539568874410634546761798107588148919173028550094973894506553874326514420626547752772730178871589883921327426401476056134051057275887024488956167670494303072597557602101635337629322640330902987797340236031654457777827586375640335800296803174038709333603497589731164133642319550037374466162799893e-03
-1.10621318282316805951967384194543960380523120942735558849161925994231398598309653497725629108197267315448120243788996152743075874965674781513616363692881101043521773764099037690144689357932116069161099838334628216026505683819680236325855530839393413843291160641512657537455511695126128526912094342635107e-03
-1.08731284383912495431568848871725480537836089372785782177564726796430176547568007910553745706928141707569160625992382161952459983810337001357498155519651039619515715743737972580659355703387739613101542068569589970582785143755987309633908053419753826288745136029173520658503834083579186253437668639199239e-03
-1.0690469243891324571765928398008310972728091212161430210144743735485814577450387127318462420111231788125368835515070046859352037044383730904207282856717142615177770066577248255453446706832275274303449294047397323177416740275401950056218951396535845006257957285578564159845287851399550435661240420982216e-03
-1.05138403533723441386569323421810562902636079812629754844379340476556002864534057256140348767053532660149778308749125436473004559212668147818188188388771219307892113306387935256113876417055151266643327525248557734251203782818624243926924501907789791900194371921142724899948761386288490480878504355492478e-03
-1.03429482307112089166158577747886389135537912693986412560338398889617058298888160290657554332229277961018818357183823335394173994944729524771962364385352494379076637390192330910024660029875754835641925169552184508145442959902223187822938160946754535739354358200793628358124434256840267778486036533199638e-03
-1.0177518072532388383353211485764182858736350690184711481259908860610164969046001297634426980647314383313076347428495851218101567559109576779779549705767584487224778576262869649773005352642811783399255152037253843251266480262271672649615808457433084650985782085273235014133922835249358593215311976183544e-03
-1.00172923383716817513295718777237672714096554408808063978687675483197663716928630283009565209232127000811992777468603266257518573077702510504183109798070788582861474770791631786353008009809168975143152525941581529675287647196102616554543696878197236911574166666499085539957716621206259327240602919155067e-03
-9.86202941700567244768591180729741143393451329497134578405565946820529240767220454012559776656551355961223040834415181496366795732930012867758469455514022018841148014936956245618061835987688624362262484636931295351849297340861379024896319254459497801069205773251625590679998484845375723181795170099392751e-04
-9.71150241446282385477550318303667583910170955043243477867203260346345238128037945630103853696473371186662293741474618035294727645188704145368199855544853594004009355033097361737041188600321204411946144636571834742628459789773757678575600514514643570752163879180691005442062871930191868633449272323751153e-04
-9.56549805096557995032238839590988431217927560487796443050814477575962850191828631429592058490984425362126626355965596660497192324702538629129565005043169096485164092967953202457055428584914270473547222660072366203077616419040328469722277023630693023601896967829624251835040302563502104553770003937144485e-04
-9.4238156555564329599120712531353620511248113247141389243437288012002621415979949015631694132314194876514012177428949768855897691152148813704726314273258285085592221265515984401701990287137810662877863298133658691637540329342615192417475589685523520138514555942938733003347751108587400752208129670722865e-04
-9.28626624846804746587532512602294073316324805080873834667676484774040512068457552436047173425148488634697510514172028127890169208340274349681404000471769432020682930400344868577832551080474912905227351108780002437596045215652027200345813768679005266111849486881414446406861592637336270651209085850436471e-04
-9.15267170243628918934439084742143838932944356858920657891675541294211529011026746853974179601932147368933441515235845260031235654111867995200564033996634000262580392304516575260140945472549820967561017308310754847924906621910531898446265363397188242069789739644310578062639662874980131308326752896041269e-04
-9.02286397514914219288483745095158659201705757309696327424355177266809757222521145154948088523096455124050753674460811404330761006768281753294968831975337331618792112307901448440607250315791648933006107032216419602120983876997378852973433825661793051189872771705437195013756524246451358042281950718313521e-04
-8.89668440589412502833895123270644841620100712718699977497881721773811758081056009664773337760114804205272079735327664749665852915657459568941684872924826123152968108214476351916528079646674981004970293766550837745413750576281705879862946303341405786247814422003975911704327521741180573050262286654016814e-04
-8.7739830702290151267067579396022741660897457091549908315207870613949237105378867850677356833137568123393286445894103879861472608706543437810919015550485399755571392839926362793356948120221525530930549257078145022738485767323096854114974947332430697531705985097547915901144644058777905696511464566461809e-04
-8.65461818717000069735506167389255277159053666477899647039493051193686072045445473771068365925630320799061840667085923534218886902301141881472923523472420654131928138275312686274447252941520173358675065606167812431137252600066722168379423616202606035848140480434716215259595289477468646637563184101350014e-04
-8.53845557398020510600789269436657092584827832004516896180890567316061082367668951204038562886042017279513683338230435322034692466291290751578382397722671003597719979352250151007985043884668473727457010212731146309052297146331914140471046707274674236014759964953229186341522400762004138071031211366228748e-04
-8.42536814416047726537362832148641604435342126660413537255150745913777731536718516128849144337213244429058610690414852592155061887696187305329185408210261586828043138243859526450347964528756456707321667588299421564489484525149836250380267681386725741540007286512290770703982109462447669135226942719937867e-04
-8.31523544470250303872298849148750791883430628517653460062795907107808646280424606174418767623051041459181861111032719628878559467558872883227146316950975625596152157094314964037440067241803243251003075112993151312510553032906368381075486049721272209553114977088613534580063839466844619669161017861822156e-04
-8.20794322906947355300654459930354241280019967223966895105883176567703513542220096912797353998623211734786032582116247168509964203597053656704038253798238007551025999960283420319900042711848801248077382407160504509579308403591642174382469136725358344183992485457630627423381500289807439122895492184388261e-04
-8.10338306272846478655438049549182336168245733010766998352761325761682220949691160570144943286675984275062630099712695702257407231231528203775193285568084430836846238639275575093896772973154080123200920577077804355987580769207730965793863695133103718692130042900169791825747103716989093118576582274229008e-04
-8.00145195837713199799412679068473489550300029824558563058663453058252640627475067507724068974734364688283180762737871403179969243888906031889414253229876357679356754741704362494657822575427910713513297766410841289182085400455268764212654707769057184951617301515814222869851835418798265796318869554337461e-04
-7.90205203829030784215529045934668901987485427195240830210449403146377219477079506204116391984250698107296336349942556069173452718400334000153791672601592774804208258875984068553600165801084035940982387961471817174243704356986068521087543050268643232766970986075240660565534967691201716502182395872451551e-04
-7.80509022146394730959441105108035989707650760137987409033094831482841578639866459307867958147046276348058390004963990025727451437027824634496165272156482263902028803613761817800244676429393001109689316397297254799364312661693633196104288113320405939655463067094216268067016694555474023547729659814969769e-04
-7.71047793345834377187183502227561016251490761617986889945883278700260587479028562536699802791430739920607629602242050558209250972168912625165271912524223061266059430103784066500367079349089269641578340526921512704372276974316380950323914646329975830109371729370340022093031945365592935822211203965159824e-04
-7.61813083704291341339717798721616963836285867501229448243859782436001653022822119751867662127599396288192060620705484792613046368661880763038378511576564195420855543345776572367012263482572264393062744089316458508526650582646843530773180907187187981488158919919326144791956732247767680668921487864624178e-04
-7.52796858192395199533781199122322114572747818338559976750725456400262252033718683450073406113775131552067677045363897156113766219340896459418659002794236327309229991532679773688869837031594090380084155585836552639353819458661226789947424659904592833628310407436169543197963545389771398452541313000507147e-04
-7.43991457199708594989239238955952592212148635517718705530801032960895339240946157272313679428730688459526132814669114858802914137860689486945557654592714799437019658274586751826410838906938523153801650615743099884206794543281764864840656900167878288780215056045248685129023069812631929876249675487418967e-04
-7.35389574870983639726739356519970803350728877105644867462438239773076849605905190385149178285326016696824891966526263051531591539797184706634255445442322129255708540633867874005990964810325886011592659882331964325316464807792911704963528165163940335596941718044426736628874935079369631634819316617069563e-04
-7.26984238924833916494483398233211462746182159969078288710036764443956102584811264937629498557154398210524448932436843763569595889050652816131195116979019177447005401514254177059364967228100587352545957080980745411102865344632738726559643242173184208340874471147880539730903655486282681283329930741945118e-04
-7.18768791840781602083803393217414433671716819072052863172516481294808668516299553913180718051141985669834351788798322292260703108144587477016812580506459370573423514529618302682978895679995033435383743575184518419455221883508415368915726381349283117229537422004851063209355535041117245711547611668790513e-04
-7.10736873100141123927285818319359908570268830709316357812900716206369842158813985200971436131384660004628068167360296245668416126597735878929428575867981009838392506299392093225966826052629906689847221394901917251468462607767047340633472488738184424406496902486921892679950928044455558189543311107075264e-04
-7.02882414117840555706906224768622580378564898875174719435088027339860131641484954193028895473209266703854192915382386638248134387006183283070078570234553378231589138807291803140375466891536641127660811600125437753166158612471899418468923825433775588705806845965400309377988547068198264387894740252692433e-04
-6.95199128532031971086070567360422592758651212051819723927893220965470287254127632358674508950866275476549323821755152689183885052675601835322001308335244755365557573170002106255512381333568264994676463678733106770634447461768015931267909769403857189161813558737656136664950236235006036994731655587004051e-04
-6.87696949109013504671590710931307861162598292008021828363058582277477388075282870572208709487673510919267918779268252685697776286213029040400861333837805395642010748563880818644089794308232046920665314204929688684608083509522404382574351483251113492979049409366030238956791521059165104983719318979536915e-04
-6.79995123581450243787274275175074457149243441267251604750933010425620573548909072908531354295016830138921637411100279232574177555432088972017894757270696004075190335262333645371702869771807536861689300624629118570306910194665914010604590626653523160364501320128379644152004516300847758435797130280599184e-04
-6.7858721931431920031706098020763144270939812047162562188812314046024304286562873726320149985283252511365782537015212908911437829336342345035778793000843002243840570340903897679690498596877730282508356086793256301619704527147441733107338927358105944490181503985665936351288287071437852334038992538751558e-04
-6.06207500849530786813843586400725861106841764440223247496881831401593128301082128921625818340997177554927527125956910508242776273353995739748298993857670079985994176572842968807241518877397699073518749635201340191042584505672186745414503605073251095566078078812199300595638026459666830818700367923040953e-04
-1.06505927305235444350082265384518298135748796479622043200868630649455291466280356158347577672386455458187225175547374919881596952885621505569439608163787225972328045426318125137077359400906634599243269869712044221899930169079695921408151761614903931767991741625786697931316862678089644347250253031311321e-03
8.63751102097849554730322589511067196070843002345248606533884419395703276957612030462548686932767560845229920026324723371083642007726680729926629345120052911321900248008303882948301729350528641391213188240743042932515715551318381254331575068519722912089662720636906185067952390081588829207318916614908804e-04
-3.12871245025838159026635927328809377226058305899859879706137585366020695650058104871881470074049747015410312811199180352595565497702299580042177714382899282067769696773966496152950501231617666435225411232213810837859551000917239655988950888101162768279334050775066650629993227646928969732406432645912227e-03
