-1.04209269662374576852e+20
3.9788993871088474798125e+19
-1.5192161296233781286359e+19
5.8006434040165346731406e+18
-2.2147911178972223296055e+18
8.4564751774257579869043e+17
-3.2288359768352894122168e+17
1.2328282820643832309631e+17
-4.7071625315185541470825e+16
1.7972802393070843174728e+16
-6.8623427318997764232483e+15
2.6201672249071874182091e+15
-1.0004274858736533255491e+15
3.8198140369721313655996e+14
-1.4584744504802678853559e+14
5.5687206291064816424251e+13
-2.1262387856588344311267e+13
8.1183662725155875822231e+12
-3.099739849505915661864e+12
1.1835370334477474331614e+12
-4.5189595822547099693725e+11
1.725420931406654823632e+11
-6.5879708290042513640074e+10
2.5154070438044764435152e+10
-9.6042814399533281879412e+09
3.6670892770994435000284e+09
-1.4001613603216743106295e+09
5.346070648745798360801e+08
-2.0412269747391912929766e+08
7.7937757240179513688418e+07
-2.9758052742299847146683e+07
1.1362165613959707285645e+07
-4.3382813954396586762954e+06
1.6564347348139389997623e+06
-6.3245687912901397412924e+05
2.4148355474373380178887e+05
-9.2202793247370154355647e+04
3.520472095378662812426e+04
-1.3441784928027486800212e+04
5.1323350576594757957438e+03
-1.9596020709408864973137e+03
7.4822804572737316950500e+02
-2.8567103598185601549169e+02
1.0908988981977551023137e+02
-4.1636882741395868623251e+01
1.5911772844029329642291e+01
-6.05842951641556485467
2.3214111263223747852268
-8.5624965559045734049552e-01
2.9860122635799573319393e-01
