3.33333333333333333333333333333333333333333333333333333333333333333333333333333333333333333333333333333333333333333333333333333333333333333333333333333333333333333333333333333333333333333333333333333333333333333333333332962335623284630230289600223129523376100992797433932182789610655448935901825585009752e-01
2.00000000000000000000000000000000000000000000000000000000000000000000000000000000000000000000000000000000000000000000000000000000000000000000000000000000000000000000000000000000000000000000000000000000000000000000000000141653671109504821162152642077818347255747894619052214214622450100147747484288524562e-01
1.4285714285714285714285714285714285714285714285714285714285714285714285714285714285714285714285714285714285714285714285714285714285714285714285714285714285714285714285714285714285714285714285714285714285714285714285714280305690999195530204977548471314468289350518231210376100460335318910387758558452333e-01
1.11111111111111111111111111111111111111111111111111111111111111111111111111111111111111111111111111111111111111111111111111111111111111111111111111111111111111111111111111111111111111111111111111111111111111111111111111131762109114182723055742289675183141122343449526178167845240957627543081067537028077e-01
9.09090909090909090909090909090909090909090909090909090909090909090909090909090909090909090909090909090909090909090909090909090909090909090909090909090909090909090909090909090909090909090909090909090909090909090909090909012059825806453845302317318209906792386933911094163517952052277596766837694506662106e-02
7.69230769230769230769230769230769230769230769230769230769230769230769230769230769230769230769230769230769230769230769230769230769230769230769230769230769230769230769230769230769230769230769230769230769230769230769230769260875313808419466313686089436191974722293148287879850833865127612779595765523613478e-02
6.66666666666666666666666666666666666666666666666666666666666666666666666666666666666666666666666666666666666666666666666666666666666666666666666666666666666666666666666666666666666666666666666666666666666666666666666666655171616778976436871371138812008748553952445691144386618854110675286874258368741957e-02
5.88235294117647058823529411764705882352941176470588235294117647058823529411764705882352941176470588235294117647058823529411764705882352941176470588235294117647058823529411764705882352941176470588235294117647058823529411769094901400968355119701073202259757394091348150443860298651474738365186146670712613e-02
5.26315789473684210526315789473684210526315789473684210526315789473684210526315789473684210526315789473684210526315789473684210526315789473684210526315789473684210526315789473684210526315789473684210526315789473684210526314113666411327421740673662846556261588213883804902158424703666886583170467155052606e-02
4.76190476190476190476190476190476190476190476190476190476190476190476190476190476190476190476190476190476190476190476190476190476190476190476190476190476190476190476190476190476190476190476190476190476190476190476190476191116044162200388846429500068749372302625582824980351750526361686036597719080938562e-02
4.34782608695652173913043478260869565217391304347826086956521739130434782608695652173913043478260869565217391304347826086956521739130434782608695652173913043478260869565217391304347826086956521739130434782608695652173913043233953098543250740849447799837190666386363446397602894587978908892108077547967408e-02
4.00000000000000000000000000000000000000000000000000000000000000000000000000000000000000000000000000000000000000000000000000000000000000000000000000000000000000000000000000000000000000000000000000000000000000000000000000000093281148935659993810052737295359074478613327332726493366873219290741341717833213e-02
3.70370370370370370370370370370370370370370370370370370370370370370370370370370370370370370370370370370370370370370370370370370370370370370370370370370370370370370370370370370370370370370370370370370370370370370370370370370334753931685845645461077507039408471246557592205195213611727300275693812313884922e-02
3.44827586206896551724137931034482758620689655172413793103448275862068965517241379310344827586206896551724137931034482758620689655172413793103448275862068965517241379310344827586206896551724137931034482758620689655172413793117047279723432951391698654400341331841671059449475630017821794072046196505399017e-02
3.2258064516129032258064516129032258064516129032258064516129032258064516129032258064516129032258064516129032258064516129032258064516129032258064516129032258064516129032258064516129032258064516129032258064516129032258064516128513023371627685935233332194510218385531208805660208728297535759573726224793882e-02
3.03030303030303030303030303030303030303030303030303030303030303030303030303030303030303030303030303030303030303030303030303030303030303030303030303030303030303030303030303030303030303030303030303030303030303030303030303030305012835494058903946215644621930351537143724324770099653128555583611927606112462e-02
2.85714285714285714285714285714285714285714285714285714285714285714285714285714285714285714285714285714285714285714285714285714285714285714285714285714285714285714285714285714285714285714285714285714285714285714285714285714284957318773578926167407155288383003413334222912314508681054551658784090770329788e-02
2.70270270270270270270270270270270270270270270270270270270270270270270270270270270270270270270270270270270270270270270270270270270270270270270270270270270270270270270270270270270270270270270270270270270270270270270270270270270559294011267407551805720069242167621013027286812224209967315565090156338464174e-02
2.56410256410256410256410256410256410256410256410256410256410256410256410256410256410256410256410256410256410256410256410256410256410256410256410256410256410256410256410256410256410256410256410256410256410256410256410256410256299901890966594203460357396093873375613958938721411743992746899899373054477323e-02
2.43902439024390243902439024390243902439024390243902439024390243902439024390243902439024390243902439024390243902439024390243902439024390243902439024390243902439024390243902439024390243902439024390243902439024390243902439024390286037800935047282301491375242218003766498597316901787595777517676372016571797e-02
2.32558139534883720930232558139534883720930232558139534883720930232558139534883720930232558139534883720930232558139534883720930232558139534883720930232558139534883720930232558139534883720930232558139534883720930232558139534883704842185283161392949537305351267326864122705673870916018330813376770186467066e-02
2.22222222222222222222222222222222222222222222222222222222222222222222222222222222222222222222222222222222222222222222222222222222222222222222222222222222222222222222222222222222222222222222222222222222222222222222222222222222228364931181759330960728697165980467463138991944106029517429811436476356666138e-02
2.12765957446808510638297872340425531914893617021276595744680851063829787234042553191489361702127659574468085106382978723404255319148936170212765957446808510638297872340425531914893617021276595744680851063829787234042553191489359356729693205753839494819807098321659341054378151557344210423758820331692363e-02
2.04081632653061224489795918367346938775510204081632653061224489795918367346938775510204081632653061224489795918367346938775510204081632653061224489795918367346938775510204081632653061224489795918367346938775510204081632653061225385311505526310559827197948882455158120532378556446165395411327988236097033e-02
1.96078431372549019607843137254901960784313725490196078431372549019607843137254901960784313725490196078431372549019607843137254901960784313725490196078431372549019607843137254901960784313725490196078431372549019607843137254901960442389592211319059484364489008739315521688661331110487460871943949487200125e-02
1.88679245283018867924528301886792452830188679245283018867924528301886792452830188679245283018867924528301886792452830188679245283018867924528301886792452830188679245283018867924528301886792452830188679245283018867924528301886792583383039567543781162270989668756651487797244812648828541186718941425356802e-02
1.81818181818181818181818181818181818181818181818181818181818181818181818181818181818181818181818181818181818181818181818181818181818181818181818181818181818181818181818181818181818181818181818181818181818181818181818181818181818131970729660831482527064271574407140859676804864726125326235302723558305987e-02
1.75438596491228070175438596491228070175438596491228070175438596491228070175438596491228070175438596491228070175438596491228070175438596491228070175438596491228070175438596491228070175438596491228070175438596491228070175438596491247102838989584801205339837268874766865687352753316611785066720489001007139e-02
1.69491525423728813559322033898305084745762711864406779661016949152542372881355932203389830508474576271186440677966101694915254237288135593220338983050847457627118644067796610169491525423728813559322033898305084745762711864406779653749932160346836344580229797494334643507884359115720285887482602266169243e-02
1.6393442622950819672131147540983606557377049180327868852459016393442622950819672131147540983606557377049180327868852459016393442622950819672131147540983606557377049180327868852459016393442622950819672131147540983606557377049180328146320380536586655845294453749828010930856415372352426101539994879315372e-02
1.58730158730158730158730158730158730158730158730158730158730158730158730158730158730158730158730158730158730158730158730158730158730158730158730158730158730158730158730158730158730158730158730158730158730158730158730158730158730157670735757081628799153923580884718048274501257313895071962896104088100663e-02
1.53846153846153846153846153846153846153846153846153846153846153846153846153846153846153846153846153846153846153846153846153846153846153846153846153846153846153846153846153846153846153846153846153846153846153846153846153846153846154250660799510557582047974785942604046606700467974255893475523254680883417e-02
1.49253731343283582089552238805970149253731343283582089552238805970149253731343283582089552238805970149253731343283582089552238805970149253731343283582089552238805970149253731343283582089552238805970149253731343283582089552238805969994805621879811945867024179987904993075973166033224167851277142085580117e-02
1.44927536231884057971014492753623188405797101449275362318840579710144927536231884057971014492753623188405797101449275362318840579710144927536231884057971014492753623188405797101449275362318840579710144927536231884057971014492753623247376893442047536465451007666619143935560209323272615977734752385971854e-02
1.40845070422535211267605633802816901408450704225352112676056338028169014084507042253521126760563380281690140845070422535211267605633802816901408450704225352112676056338028169014084507042253521126760563380281690140845070422535211267583117566032309345120402186048458704224173874489730413387974406405820179e-02
1.36986301369863013698630136986301369863013698630136986301369863013698630136986301369863013698630136986301369863013698630136986301369863013698630136986301369863013698630136986301369863013698630136986301369863013698630136986301369863022295738727466907368690117278976708158509025928033192507852189118952035e-02
1.33333333333333333333333333333333333333333333333333333333333333333333333333333333333333333333333333333333333333333333333333333333333333333333333333333333333333333333333333333333333333333333333333333333333333333333333333333333333333330050800962422556497401744718335437005790363978982986907204206535947941e-02
1.2987012987012987012987012987012987012987012987012987012987012987012987012987012987012987012987012987012987012987012987012987012987012987012987012987012987012987012987012987012987012987012987012987012987012987012987012987012987012987138320067149060829837861574379410534047635323068500312692195279717749e-02
1.26582278481012658227848101265822784810126582278481012658227848101265822784810126582278481012658227848101265822784810126582278481012658227848101265822784810126582278481012658227848101265822784810126582278481012658227848101265822784809648037889862284531062025391173299201920769241533036862236743317627276e-02
1.23456790123456790123456790123456790123456790123456790123456790123456790123456790123456790123456790123456790123456790123456790123456790123456790123456790123456790123456790123456790123456790123456790123456790123456790123456790123456790306173738505152984115674040138794314458170142481929486038830869934864e-02
1.20481927710843373493975903614457831325301204819277108433734939759036144578313253012048192771084337349397590361445783132530120481927710843373493975903614457831325301204819277108433734939759036144578313253012048192771084337349397590361376018479511654662386592916856434049044268824027720846997007503093868e-02
1.17647058823529411764705882352941176470588235294117647058823529411764705882352941176470588235294117647058823529411764705882352941176470588235294117647058823529411764705882352941176470588235294117647058823529411764705882352941176470588261931530617745772791657817322983952385242982418620192765464265421213e-02
1.1494252873563218390804597701149425287356321839080459770114942528735632183908045977011494252873563218390804597701149425287356321839080459770114942528735632183908045977011494252873563218390804597701149425287356321839080459770114942528734615119049165202583379197870795377506053064996728404114744809645926e-02
1.12359550561797752808988764044943820224719101123595505617977528089887640449438202247191011235955056179775280898876404494382022471910112359550561797752808988764044943820224719101123595505617977528089887640449438202247191011235955056179779164237428494723998984089593395107353677890316492393071545286877931e-02
1.0989010989010989010989010989010989010989010989010989010989010989010989010989010989010989010989010989010989010989010989010989010989010989010989010989010989010989010989010989010989010989010989010989010989010989010989010989010989010989010840738062476634787454097050441644129364256523303069445752100186299e-02
1.07526881720430107526881720430107526881720430107526881720430107526881720430107526881720430107526881720430107526881720430107526881720430107526881720430107526881720430107526881720430107526881720430107526881720430107526881720430107526881720996240519103800174486288462198552907216023832059132331464215589934e-02
1.0526315789473684210526315789473684210526315789473684210526315789473684210526315789473684210526315789473684210526315789473684210526315789473684210526315789473684210526315789473684210526315789473684210526315789473684210526315789473684210504699802497932072982707989089722109262380322157610123225938972698e-02
1.03092783505154639175257731958762886597938144329896907216494845360824742268041237113402061855670103092783505154639175257731958762886597938144329896907216494845360824742268041237113402061855670103092783505154639175257731958762886597938144412430675669366624528472810935308720394289342629000467266518293889e-02
1.01010101010101010101010101010101010101010101010101010101010101010101010101010101010101010101010101010101010101010101010101010101010101010101010101010101010101010101010101010101010101010101010101010101010101010101010101010101010101010100978588116691731766318420036730664348797780799650804107752829584828e-02
9.90099009900990099009900990099009900990099009900990099009900990099009900990099009900990099009900990099009900990099009900990099009900990099009900990099009900990099009900990099009900990099009900990099009900990099009900990099009900990099010021312055663508984975593431283848747720455095103721015662706216509e-03
9.70873786407766990291262135922330097087378640776699029126213592233009708737864077669902912621359223300970873786407766990291262135922330097087378640776699029126213592233009708737864077669902912621359223300970873786407766990291262135922330051146267918489815510912428024689683868157929885562919191402564868e-03
9.52380952380952380952380952380952380952380952380952380952380952380952380952380952380952380952380952380952380952380952380952380952380952380952380952380952380952380952380952380952380952380952380952380952380952380952380952380952380952380952398493532319072111975835539036566163703324809547935282690316752551e-03
9.34579439252336448598130841121495327102803738317757009345794392523364485981308411214953271028037383177570093457943925233644859813084112149532710280373831775700934579439252336448598130841121495327102803738317757009345794392523364485981308404517422749200306062750901378919958808593865883578315383899767014e-03
9.17431192660550458715596330275229357798165137614678899082568807339449541284403669724770642201834862385321100917431192660550458715596330275229357798165137614678899082568807339449541284403669724770642201834862385321100917431192660550458715598887514155873642310945821770601934837530492986550493959461993187e-03
9.0090090090090090090090090090090090090090090090090090090090090090090090090090090090090090090090090090090090090090090090090090090090090090090090090090090090090090090090090090090090090090090090090090090090090090090090090090090090090090090089992450058350374222933351778911094579284218573557884957469791494e-03
8.84955752212389380530973451327433628318584070796460176991150442477876106194690265486725663716814159292035398230088495575221238938053097345132743362831858407079646017699115044247787610619469026548672566371681415929203539823008849557522123894178117128428352273347062987396687608829135428643871716943072535e-03
8.69565217391304347826086956521739130434782608695652173913043478260869565217391304347826086956521739130434782608695652173913043478260869565217391304347826086956521739130434782608695652173913043478260869565217391304347826086956521739130434782466351010860681574666558870301161053902828750169056463226881742e-03
8.54700854700854700854700854700854700854700854700854700854700854700854700854700854700854700854700854700854700854700854700854700854700854700854700854700854700854700854700854700854700854700854700854700854700854700854700854700854700854700854700909050626838431682304721276452297766870360506139360594628619985e-03
8.40336134453781512605042016806722689075630252100840336134453781512605042016806722689075630252100840336134453781512605042016806722689075630252100840336134453781512605042016806722689075630252100840336134453781512605042016806722689075630252100819584403273776515687903130812292352049682787514881318699476049e-03
8.26446280991735537190082644628099173553719008264462809917355371900826446280991735537190082644628099173553719008264462809917355371900826446280991735537190082644628099173553719008264462809917355371900826446280991735537190082644628099173553719016187851078443463200222028558381894399617063555223753028440596e-03
8.13008130081300813008130081300813008130081300813008130081300813008130081300813008130081300813008130081300813008130081300813008130081300813008130081300813008130081300813008130081300813008130081300813008130081300813008130081300813008130081300809982836378569561175254550057890358132770517956832343018679204e-03
8.00000000000000000000000000000000000000000000000000000000000000000000000000000000000000000000000000000000000000000000000000000000000000000000000000000000000000000000000000000000000000000000000000000000000000000000000000000000000000000000000001155112140839908715593315916671842921451458031715678547252184e-03
7.87401574803149606299212598425196850393700787401574803149606299212598425196850393700787401574803149606299212598425196850393700787401574803149606299212598425196850393700787401574803149606299212598425196850393700787401574803149606299212598425196409350883173232950718221090518786499348081273928711347063734e-03
7.75193798449612403100775193798449612403100775193798449612403100775193798449612403100775193798449612403100775193798449612403100775193798449612403100775193798449612403100775193798449612403100775193798449612403100775193798449612403100775193798449780801267298737714010485878119013895019995596160971137071302e-03
7.63358778625954198473282442748091603053435114503816793893129770992366412213740458015267175572519083969465648854961832061068702290076335877862595419847328244274809160305343511450381679389312977099236641221374045801526717557251908396946564885496118908624905721620433859579945982952239597815234223302368031e-03
7.51879699248120300751879699248120300751879699248120300751879699248120300751879699248120300751879699248120300751879699248120300751879699248120300751879699248120300751879699248120300751879699248120300751879699248120300751879699248120300751879699272670248210864540755549668877022218446130425486261078591732e-03
7.40740740740740740740740740740740740740740740740740740740740740740740740740740740740740740740740740740740740740740740740740740740740740740740740740740740740740740740740740740740740740740740740740740740740740740740740740740740740740740740740740731367124238977434949911616114525205756414668685626292434549e-03
7.2992700729927007299270072992700729927007299270072992700729927007299270072992700729927007299270072992700729927007299270072992700729927007299270072992700729927007299270072992700729927007299270072992700729927007299270072992700729927007299270072993058631628178243952532683840985994751249658087455747214473e-03
7.19424460431654676258992805755395683453237410071942446043165467625899280575539568345323741007194244604316546762589928057553956834532374100719424460431654676258992805755395683453237410071942446043165467625899280575539568345323741007194244604316545396055963261418044510601301610687837241441877828591982971e-03
7.09219858156028368794326241134751773049645390070921985815602836879432624113475177304964539007092198581560283687943262411347517730496453900709219858156028368794326241134751773049645390070921985815602836879432624113475177304964539007092198581560284209710581419308463627046419605683812495343445278901283055e-03
6.99300699300699300699300699300699300699300699300699300699300699300699300699300699300699300699300699300699300699300699300699300699300699300699300699300699300699300699300699300699300699300699300699300699300699300699300699300699300699300699300699300500080257441665255358064951353476477454912792739128771986e-03
6.89655172413793103448275862068965517241379310344827586206896551724137931034482758620689655172413793103448275862068965517241379310344827586206896551724137931034482758620689655172413793103448275862068965517241379310344827586206896551724137931034482834686486117117970903229936913685411538610471355716300858e-03
6.80272108843537414965986394557823129251700680272108843537414965986394557823129251700680272108843537414965986394557823129251700680272108843537414965986394557823129251700680272108843537414965986394557823129251700680272108843537414965986394557823129222657188308744823173589370797911345043745900202418541558e-03
6.71140939597315436241610738255033557046979865771812080536912751677852348993288590604026845637583892617449664429530201342281879194630872483221476510067114093959731543624161073825503355704697986577181208053691275167785234899328859060402684563758389272834114667252424901884249266428863301649057152679467075e-03
6.62251655629139072847682119205298013245033112582781456953642384105960264900662251655629139072847682119205298013245033112582781456953642384105960264900662251655629139072847682119205298013245033112582781456953642384105960264900662251655629139072847677884984891210087824930834254554943291769246652701863487e-03
6.53594771241830065359477124183006535947712418300653594771241830065359477124183006535947712418300653594771241830065359477124183006535947712418300653594771241830065359477124183006535947712418300653594771241830065359477124183006535947712418300653594772858353998536133788325783612542648304162482962006012614e-03
6.45161290322580645161290322580645161290322580645161290322580645161290322580645161290322580645161290322580645161290322580645161290322580645161290322580645161290322580645161290322580645161290322580645161290322580645161290322580645161290322580645161289705187853550023162703001948689133668442507733222734299e-03
6.36942675159235668789808917197452229299363057324840764331210191082802547770700636942675159235668789808917197452229299363057324840764331210191082802547770700636942675159235668789808917197452229299363057324840764331210191082802547770700636942675159235904351477001768150820630532344923077250027263574702981e-03
6.28930817610062893081761006289308176100628930817610062893081761006289308176100628930817610062893081761006289308176100628930817610062893081761006289308176100628930817610062893081761006289308176100628930817610062893081761006289308176100628930817610062802974521192665815017263617863673254784138653703294247e-03
6.21118012422360248447204968944099378881987577639751552795031055900621118012422360248447204968944099378881987577639751552795031055900621118012422360248447204968944099378881987577639751552795031055900621118012422360248447204968944099378881987577639751587038737673116623761915682565610577667367671672724479e-03
6.13496932515337423312883435582822085889570552147239263803680981595092024539877300613496932515337423312883435582822085889570552147239263803680981595092024539877300613496932515337423312883435582822085889570552147239263803680981595092024539877300613496919284306106445140110074168985675985043905234379744319e-03
6.06060606060606060606060606060606060606060606060606060606060606060606060606060606060606060606060606060606060606060606060606060606060606060606060606060606060606060606060606060606060606060606060606060606060606060606060606060606060606060606060606060606065506749657940763044000574155156606490734813845699782e-03
5.98802395209580838323353293413173652694610778443113772455089820359281437125748502994011976047904191616766467065868263473053892215568862275449101796407185628742514970059880239520958083832335329341317365269461077844311377245508982035928143712574850299399180266943179932319402531047268505006825387625126208e-03
5.91715976331360946745562130177514792899408284023668639053254437869822485207100591715976331360946745562130177514792899408284023668639053254437869822485207100591715976331360946745562130177514792899408284023668639053254437869822485207100591715976331360947375100116604170256892366757771339545186406111312833e-03
5.84795321637426900584795321637426900584795321637426900584795321637426900584795321637426900584795321637426900584795321637426900584795321637426900584795321637426900584795321637426900584795321637426900584795321637426900584795321637426900584795321637426900209131253145252150090084308783759747891031311502284e-03
5.78034682080924855491329479768786127167630057803468208092485549132947976878612716763005780346820809248554913294797687861271676300578034682080924855491329479768786127167630057803468208092485549132947976878612716763005780346820809248554913294797687861271690529173775023879307655934617915433529615371070324e-03
5.71428571428571428571428571428571428571428571428571428571428571428571428571428571428571428571428571428571428571428571428571428571428571428571428571428571428571428571428571428571428571428571428571428571428571428571428571428571428571428571428571428571428442871306232982605809202439752482788381178549166038e-03
5.64971751412429378531073446327683615819209039548022598870056497175141242937853107344632768361581920903954802259887005649717514124293785310734463276836158192090395480225988700564971751412429378531073446327683615819209039548022598870056497175141242937853040106507189268385057363221535419523277252077210919e-03
5.58659217877094972067039106145251396648044692737430167597765363128491620111731843575418994413407821229050279329608938547486033519553072625698324022346368715083798882681564245810055865921787709497206703910614525139664804469273743016759776536312849162011089462468930529231736021991401397035042241839876147e-03
5.52486187845303867403314917127071823204419889502762430939226519337016574585635359116022099447513812154696132596685082872928176795580110497237569060773480662983425414364640883977900552486187845303867403314917127071823204419889502762430939226519337016574516075496503358373523819334341238489926125317691953e-03
5.46448087431693989071038251366120218579234972677595628415300546448087431693989071038251366120218579234972677595628415300546448087431693989071038251366120218579234972677595628415300546448087431693989071038251366120218579234972677595628415300546448087431626892582776580986986940355122825409931342597526115e-03
5.40540540540540540540540540540540540540540540540540540540540540540540540540540540540540540540540540540540540540540540540540540540540540540540540540540540540540540540540540540540540540540540540540540540540540540540540540540540540540540540540540540540540480517744654001118297978845844736081697315602879495e-03
5.34759358288770053475935828877005347593582887700534759358288770053475935828877005347593582887700534759358288770053475935828877005347593582887700534759358288770053475935828877005347593582887700534759358288770053475935828877005347593582887700534759358288715304272383284674554576932412093669960971817083414e-03
5.29100529100529100529100529100529100529100529100529100529100529100529100529100529100529100529100529100529100529100529100529100529100529100529100529100529100529100529100529100529100529100529100529100529100529100529100529100529100529100529100529100529100480761519158687839267433953850926445605490166406454e-03
5.23560209424083769633507853403141361256544502617801047120418848167539267015706806282722513089005235602094240837696335078534031413612565445026178010471204188481675392670157068062827225130890052356020942408376963350785340314136125654450261780104712041884774290786799183058701652268436321633741027453598632e-03
5.18134715025906735751295336787564766839378238341968911917098445595854922279792746113989637305699481865284974093264248704663212435233160621761658031088082901554404145077720207253886010362694300518134715025906735751295336787564766839378238341968911917098409945110930975876227541503611294858937052586987772e-03
5.12820512820512820512820512820512820512820512820512820512820512820512820512820512820512820512820512820512820512820512820512820512820512820512820512820512820512820512820512820512820512820512820512820512820512820512820512820512820512820512820512820512820483361716879359871877142816737247596396034467250263e-03
5.07614213197969543147208121827411167512690355329949238578680203045685279187817258883248730964467005076142131979695431472081218274111675126903553299492385786802030456852791878172588832487309644670050761421319796954314720812182741116751269035532994923857845585108596725350047221496912560710622629344698983e-03
5.02512562814070351758793969849246231155778894472361809045226130653266331658291457286432160804020100502512562814070351758793969849246231155778894472361809045226130653266331658291457286432160804020100502512562814070351758793969849246231155778894472361809029304565889869399488769789737879348803874054299304e-03
4.97512437810945273631840796019900497512437810945273631840796019900497512437810945273631840796019900497512437810945273631840796019900497512437810945273631840796019900497512437810945273631840796019900497512437810945273631840796019900497512437810945273631833009113881154819426081198894312666294353088082623e-03
