1.4515952638112754314831733687365e-10
-5.5424546436430516474797731153482e-11
2.1162099548455288106708896317266e-11
-8.0800743730465645476685241086219e-12
3.0851193060723246383736883308484e-12
-1.1779546441367057520253748442763e-12
4.4976450048856032824741470549908e-13
-1.7172826382290472321602696030424e-13
6.5568973459654190540003615456255e-14
-2.5035426230048891749273085800559e-14
9.5589809241981532645918777697409e-15
-3.6497927165059157410763094311723e-15
1.3935572190135367505471384299209e-15
-5.3208548358146120747871630296506e-16
2.0315991180321054943770014152827e-16
-7.7570147855705832175586460818888e-17
2.9617692065080371410129140657247e-17
-1.1308571362966302801456050653256e-17
4.3178129946978671602769864561669e-18
-1.6486059873546698453045044496743e-18
6.2943233185733122014656642876714e-19
-2.4023597127486950115272879642064e-19
9.1483578479054684024879309605458e-20
-3.4293970724403954517612206545346e-20
1.142802544280875865392140419947e-20
