5290759929614863
-2020108336762037.5
771314092218232.5
-294501744301506.9
112446120551484.6
-42933973301475.81
16392971624199.953
-6259134620148.985
2389851400420.598
-912488716524.1606
348404782672.923
-133027280656.87762
50792234432.67832
-19393398601.51945
7404752193.352851
-2827269019.2375603
1079502716.4763005
-412173764.4348334
157375437.3656241
-60088803.32360329
22942997.665216986
-8760053.622890223
3344747.7766831643
-1277085.4862016176
487614.4857679416
-186180.05002956762
71086.95357904243
-27142.26688053506
10363.43463846689
-3956.9249061137657
1510.8480055737655
-576.8477932703555
220.271775111326
-84.08357714641377
32.12425665069273
-12.246548915620455
4.694518759895267
-1.7743746953366324
.6951054255716819
-.24822506920937834
.11153884209210681
-.026222632949305113
.025998509518392464
.005697966155436748
.013103515842047915
.00994533177370435
.010834579141221275
.010191577798475624
.010145950311592314
.009883831108094664
.009715289484334274
.009521307992588685
.009346749514447507
.009173947240289712
.009009148278369386
.008849504382902771
.008695672378737107
.00854700082264001
.00840336431269949
.008264461683316484
.008130081839946932
.007999999754060886
.007874015823653886
.0077519378770161485
.007633587842097726
.007518796981845596
.007407407422129331
.007299270075914467
.007194244580841544
.007092198604494941
.0069930069771619065
.006896551755556404
.006802721075850323
.006711409408089669
.006622516547734763
