-1.30733380598950438032401111635575188947885679337937535815951093733934368226926464760964189225376250525369409872781936815028713008250152906949709829383785103706926860965316668054507214670955155360562316400827006366087052289180189245285578025671668039541353707435667477876678329051759237313668228048747563e+134
-4.2860614636909114323028679803395517687544595302699438443493236892701503623919873653910952033482807031881537796448315087463564526274505327350306528678234980546785799490473369171846542145714107745452514718704356544985890690913879807038560090646088316564817112905169362795643154003416343744746284013745561e+134
-2.91008681820671745463123339900500790168108033197244276332161720081796711252133155661811554210047176372097682812114613544604808065641023844822069008310316180740326133617844257191335375147835034240290102046658841433322352753205548172575212522140007303558082618436673709833235926295853970979125382478582991e+134
-2.23343162539709061998900943199505688690251340798125826117834107395199709129616940039733187685534448648277914719492906892244331315281749014992554345375827856330246100239696856354675894543157914854526936614409044750535419713818542256059366076393793066016238926658517627712245773440559369034155989530966482e+134
-1.81542284712331207082167970537031225690111237455791462151393474030459547790194461574206407000948908131557860310857214437312291003045123712731462503620193993338450517578443563877898829243477753887999379757543293278405306927941528945468505424934513468101348444929490796713858133854350339846829286754104971e+134
-1.53044521786096529812323642891605752926270644885172806889135992653121281059227743925063658332979306808460117082278796497625047640361286221891643522086147871858046544396620118659949073389897524381981042510842559997997971379285055302061722745819216352803232948321559488652150613324806006576574186264893747e+134
-1.32333647088122805777795007171765896452583110338350003664531064468282405977268433407189458126492948111649261635977621876367775464077323407195718180590759361859122375446730919167828754716663261982961295497465351279814195156339277169596011546528428128593097026867104049348825401954884238108298430792818372e+134
-1.16586759329904757192487737738736356923852974048299541903231246788678121735693354223469847134343220121135346314069413913877833968825024213498328334163749114537032354492477733250606904771219915104406741516487392747741385669964470838714166062476382319190900702185904580299651584397711705053048273847269404e+134
-1.04374557104394089266967549705939601421353678669427425344442938804312700862959118346124851459546841289474936388360750863697909295913853531945869759071091514915334486807324846181823283618561835976040801488263682574906760471464612621446889808229560605361450598406411027949635235926284482686594867806524312e+134
-7.75820157820696685221756620907514676949631573036383835436068133527799598254547360398451289984424524314503711193407200401364061223628909538485529609129010103621894812936853331904041367548394030149507388340440754913813728360000519993455018561278160393070616379670906469936771153942127811616776724166950044e+133
