4.1613684711427844549444412527053
-1.5888861435272449737060593813952
6.0666561843767535359685909236561e-01
-2.3163596340347604410061892740886e-01
8.8442822390418125929327217717395e-02
-3.3769077639977829900288582240413e-02
1.2893647826173353234655608331541e-02
-4.9230291699934621441412157632641e-03
1.8797020467247764550357279285382e-03
-7.1770441784036919192276416376467e-04
2.7403259590268641873417649595172e-04
-1.0463062752648026897122757524942e-04
3.9949875964656102698099691716471e-05
-1.5253589004686875575626408130677e-05
5.8240976199713524925022152217763e-06
-2.2237463639890618607958750573873e-06
8.4906679352309634690015122712871e-07
-3.2418913934518224153190140888861e-07
1.2378130774997867407439332031096e-07
-4.7261953868173675538168739153597e-08
1.8045473295120857933750692772094e-08
-6.890089803591600317599148945388e-09
2.6307615613713383092436409677871e-09
-1.0044725961599655232652999258782e-09
3.8352590035198682969280479388388e-10
-1.4643716195257681481528711099116e-10
5.5912370927347489935310103583294e-11
-2.134835980862357202760884487823e-11
8.151191926928980041528982795291e-12
-3.1122732811910535558769783768568e-12
1.1883225255457002577915823371043e-12
-4.5372314611745652935943995895315e-13
1.7323974669942182672050996698706e-13
-6.6146085103394107639362429404924e-14
2.5255777948548947883958749314642e-14
-9.6431152167370524539808927680537e-15
3.6819167191790563983648640328118e-15
-1.4058227473090770562260597019524e-15
5.3676868529922961753971054176432e-16
-2.0494804335621489922135539071481e-16
7.8252889034756414717280624861986e-17
-2.9878375039906009074541688221399e-17
1.1408104816392099735954981496134e-17
-4.3558166408479391521842806114502e-18
1.6631163313900754317218406824078e-18
-6.3497234855730801604307178687286e-19
2.4235039019796820629645521346691e-19
-9.2288771233916497950158409814754e-20
3.4595830269085357087674727047587e-20
-1.1528599815571289568274697796967e-20
