2.9561431966805704196086652512521605068786768615647992267845697827270247635732e-56
-1.1287093657423821561891501812465184007247773397420626216363581768321826556116e-56
4.3096146511732997713330181811257461861070658113530072492827218333994139644514e-57
-1.6454934841674440102303202138655368166355028381918145729254336529200397923156e-57
6.2827386535960698852921793976143616699937245759333081040096984839166150694885e-58
-2.3989310754246236018494555264162601577203988166885557977230028160994984507764e-58
9.1587717831150583636018443047802826141513762887142088407719318854164559478524e-59
-3.4978487122505492360662268056781546834445216120282267337279783892280793100467e-59
1.3346183837215294080483432499238664332550173714881686153799175053711602297689e-59
-5.1053670915699109771473833813244674594007651302447670315323315459180303185769e-60
1.9395607793685807244350885674525926884020123576809185822876649609815264515783e-60
-7.5055937803102918340297312712561981061428494048836374948430806066418966076725e-61
2.7634424966611093821838835347007697844409023978087379316308197313139255487677e-61
-1.1568077747945773743605556874288261239142662733347552923730369189213972823158e-61
3.4260296350653565080588905343558370140335862815723291782672744468824223184911e-62
-2.2582538713465561792523230537809639933055282491526405412185040728872249409221e-62
-5.0593299960364222632539758149292018926414958968698502731819907547630761236795e-64
-8.3478980845558506746474695562062001614147620830846601708197396809802639472406e-63
-4.6882701904650287057270284192639950604858569690533574314063343083596779655581e-63
-5.0324411237324530765024370023310861205653601256286669036531171528883002219948e-63
-3.7429386695143571962596687692497120437873560164463362417770397697742729231597e-63
-3.0952455035212648525791614039233988563706171733148166352430809988311949952182e-63
-2.2338950161869912700411399511351458806644637720903847451546656675647353245929e-63
-1.3676860330878213458403191702307311145064894806644824893412398116619727749377e-63
-6.537434039502310265019613374923952362841850869855116604622784054903074024861e-64
