3.3333333333333333333333333333333333333333333333333333336289476530013903752979e-01
1.9999999999999999999999999999999999999999999999999999998871290634257617843877e-01
1.4285714285714285714285714285714285714285714285714285714716675750831615691403e-01
1.1111111111111111111111111111111111111111111111111111110946561762694366710156e-01
9.0909090909090909090909090909090909090909090909090909091537364774450516078835e-02
7.6923076923076923076923076923076923076923076923076923076683183815534460716313e-02
6.6666666666666666666666666666666666666666666666666666666758254384497817250155e-02
5.8823529411764705882352941176470588235294117647058823529376786218759847448686e-02
5.2631578947368421052631578947368421052631578947368421052644925131205636347119e-02
4.7619047619047619047619047619047619047619047619047619047613942251956049136773e-02
4.3478260869565217391304347826086956521739130434782608695654113473822846842075e-02
3.9999999999999999999999999999999999999999999999999999999999249440621968970286e-02
3.7037037037037037037037037037037037037037037037037037037037313381286703148385e-02
3.4482758620689655172413793103448275862068965517241379310344711905429417093567e-02
3.2258064516129032258064516129032258064516129032258064516129066518360866782027e-02
3.0303030303030303030303030303030303030303030303030303030303007720491589564172e-02
2.8571428571428571428571428571428571428571428571428571428571428065495571824234e-02
2.7027027027027027027027027027027027027027027027027027027027018679128942471311e-02
2.5641025641025641025641025641025641025641025641025641025641020952755450561023e-02
2.4390243902439024390243902439024390243902439024390243902439019357802778706032e-02
2.3255813953488372093023255813953488372093023255813953488372089280317144439542e-02
2.2222222222222222222222222222222222222222222222222222222222219126976718701092e-02
2.1276595744680851063829787234042553191489361702127659574468082872487962536342e-02
2.0408163265306122448979591836734693877551020408163265306122447611905803647008e-02
1.9607843137254901960784313725490196078431372549019607843137254248217380364004e-02
