3.3333333333333333333333333333333333333333333333333333333333333333333333333333333333333333333333333333333333329766954308773311903053821339200037904661098e-01	3.3333333333333333333333333333333333333333333333333333333333333333333333333333333333333333333333333333333333333333333333333333333333333333333333333333354e-01
2.0000000000000000000000000000000000000000000000000000000000000000000000000000000000000000000000000000000000001361708354832008180005085497690407802313966e-01	2.0000000000000000000000000000000000000000000000000000000000000000000000000000000000000000000000000000000000000000000000000000000000000000000000000000024e-01
1.4285714285714285714285714285714285714285714285714285714285714285714285714285714285714285714285714285714285713765789277505700767945946111737216442124114e-01	1.4285714285714285714285714285714285714285714285714285714285714285714285714285714285714285714285714285714285714285714285714285714285714285714285714285697e-01
1.1111111111111111111111111111111111111111111111111111111111111111111111111111111111111111111111111111111111111309627932427116265232592959427795424768831e-01	1.1111111111111111111111111111111111111111111111111111111111111111111111111111111111111111111111111111111111111111111111111111111111111111111111111111098e-01
9.0909090909090909090909090909090909090909090909090909090909090909090909090909090909090909090909090909090909090151117591338889317853286257100741926736947e-02	9.0909090909090909090909090909090909090909090909090909090909090909090909090909090909090909090909090909090909090909090909090909090909090909090909090909369e-02
7.6923076923076923076923076923076923076923076923076923076923076923076923076923076923076923076923076923076923077212484917127694149649874075569682069894909e-02	7.6923076923076923076923076923076923076923076923076923076923076923076923076923076923076923076923076923076923076923076923076923076923076923076923076923171e-02
6.6666666666666666666666666666666666666666666666666666666666666666666666666666666666666666666666666666666666666556165432574553943912678434012720046539342e-02	6.6666666666666666666666666666666666666666666666666666666666666666666666666666666666666666666666666666666666666666666666666666666666666666666666666666952e-02
5.8823529411764705882352941176470588235294117647058823529411764705882352941176470588235294117647058823529411764748073733230892090153506548704514739973199e-02	5.8823529411764705882352941176470588235294117647058823529411764705882352941176470588235294117647058823529411764705882352941176470588235294117647058823242e-02
5.2631578947368421052631578947368421052631578947368421052631578947368421052631578947368421052631578947368421052615469511257802201408339932522636434440391e-02	5.2631578947368421052631578947368421052631578947368421052631578947368421052631578947368421052631578947368421052631578947368421052631578947368421052631482e-02
4.7619047619047619047619047619047619047619047619047619047619047619047619047619047619047619047619047619047619047625198494653491529205757865331994189094079e-02	4.7619047619047619047619047619047619047619047619047619047619047619047619047619047619047619047619047619047619047619047619047619047619047619047619047618989e-02
4.3478260869565217391304347826086956521739130434782608695652173913043478260869565217391304347826086956521739130432434092555227958481524255490335015687692e-02	4.3478260869565217391304347826086956521739130434782608695652173913043478260869565217391304347826086956521739130434782608695652173913043478260869565217577e-02
4.0000000000000000000000000000000000000000000000000000000000000000000000000000000000000000000000000000000000000000896706162707244273615609189823408088429e-02	4.0000000000000000000000000000000000000000000000000000000000000000000000000000000000000000000000000000000000000000000000000000000000000000000000000000293e-02
3.7037037037037037037037037037037037037037037037037037037037037037037037037037037037037037037037037037037037037036694658320366806574971946352120931912704e-02	3.7037037037037037037037037037037037037037037037037037037037037037037037037037037037037037037037037037037037037037037037037037037037037037037037037036788e-02
3.4482758620689655172413793103448275862068965517241379310344827586206896551724137931034482758620689655172413793103579002281161034031122766084592744450203e-02	3.4482758620689655172413793103448275862068965517241379310344827586206896551724137931034482758620689655172413793103448275862068965517241379310344827585996e-02
3.2258064516129032258064516129032258064516129032258064516129032258064516129032258064516129032258064516129032258064466215308604517737487753048474325654631e-02	3.2258064516129032258064516129032258064516129032258064516129032258064516129032258064516129032258064516129032258064516129032258064516129032258064516129328e-02
3.0303030303030303030303030303030303030303030303030303030303030303030303030303030303030303030303030303030303030303049360997515979524435921390121496902697e-02	3.0303030303030303030303030303030303030303030303030303030303030303030303030303030303030303030303030303030303030303030303030303030303030303030303030303327e-02
2.8571428571428571428571428571428571428571428571428571428571428571428571428571428571428571428571428571428571428571421294750180802144705940355006914832649e-02	2.8571428571428571428571428571428571428571428571428571428571428571428571428571428571428571428571428571428571428571428571428571428571428571428571428571638e-02
2.7027027027027027027027027027027027027027027027027027027027027027027027027027027027027027027027027027027027027027029805395139580068367101459965988015206e-02	2.7027027027027027027027027027027027027027027027027027027027027027027027027027027027027027027027027027027027027027027027027027027027027027027027027027275e-02
2.5641025641025641025641025641025641025641025641025641025641025641025641025641025641025641025641025641025641025641024580194179637258834088998178378767623e-02	2.5641025641025641025641025641025641025641025641025641025641025641025641025641025641025641025641025641025641025641025641025641025641025641025641025640853e-02
2.4390243902439024390243902439024390243902439024390243902439024390243902439024390243902439024390243902439024390243902844069129815839321302803324122915235e-02	2.4390243902439024390243902439024390243902439024390243902439024390243902439024390243902439024390243902439024390243902439024390243902439024390243902439322e-02
2.3255813953488372093023255813953488372093023255813953488372093023255813953488372093023255813953488372093023255813953333718646777970278206571055735260284e-02	2.3255813953488372093023255813953488372093023255813953488372093023255813953488372093023255813953488372093023255813953488372093023255813953488372093023313e-02
2.2222222222222222222222222222222222222222222222222222222222222222222222222222222222222222222222222222222222222222222281271719657016822261063349119561705e-02	2.2222222222222222222222222222222222222222222222222222222222222222222222222222222222222222222222222222222222222222222222222222222222222222222222222222317e-02
2.1276595744680851063829787234042553191489361702127659574468085106382978723404255319148936170212765957446808510638297849794253568146207701718950053924781e-02	2.1276595744680851063829787234042553191489361702127659574468085106382978723404255319148936170212765957446808510638297872340425531914893617021276595744447e-02
2.040816326530612244897959183673469387755102040816326530612244897959183673469387755102040816326530612244897959183673470248608919731253985188334377593483e-02	2.0408163265306122448979591836734693877551020408163265306122448979591836734693877551020408163265306122448979591836734693877551020408163265306122448979305e-02
1.9607843137254901960784313725490196078431372549019607843137254901960784313725490196078431372549019607843137254901960781026828894061350780768246601485097e-02	1.9607843137254901960784313725490196078431372549019607843137254901960784313725490196078431372549019607843137254901960784313725490196078431372549019607747e-02
1.8867924528301886792452830188679245283018867924528301886792452830188679245283018867924528301886792452830188679245283020122921216157288079698180836003412e-02	1.8867924528301886792452830188679245283018867924528301886792452830188679245283018867924528301886792452830188679245283018867924528301886792452830188679003e-02
1.8181818181818181818181818181818181818181818181818181818181818181818181818181818181818181818181818181818181818181818181339001077113141262162745427551632e-02	1.8181818181818181818181818181818181818181818181818181818181818181818181818181818181818181818181818181818181818181818181818181818181818181818181818182118e-02
1.7543859649122807017543859649122807017543859649122807017543859649122807017543859649122807017543859649122807017543859649305766756150825933628400511288153e-02	1.7543859649122807017543859649122807017543859649122807017543859649122807017543859649122807017543859649122807017543859649122807017543859649122807017544031e-02
1.6949152542372881355932203389830508474576271186440677966101694915254237288135593220338983050847457627118644067796610169421667896259371627387352422899658e-02	1.6949152542372881355932203389830508474576271186440677966101694915254237288135593220338983050847457627118644067796610169491525423728813559322033898305137e-02
1.6393442622950819672131147540983606557377049180327868852459016393442622950819672131147540983606557377049180327868852459043066150006715991585929907310738e-02	1.6393442622950819672131147540983606557377049180327868852459016393442622950819672131147540983606557377049180327868852459016393442622950819672131147541054e-02
1.5873015873015873015873015873015873015873015873015873015873015873015873015873015873015873015873015873015873015873015873005688731013534958693002628174199e-02	1.5873015873015873015873015873015873015873015873015873015873015873015873015873015873015873015873015873015873015873015873015873015873015873015873015872996e-02
1.5384615384615384615384615384615384615384615384615384615384615384615384615384615384615384615384615384615384615384615384619273004384046026542599352579606e-02	1.5384615384615384615384615384615384615384615384615384615384615384615384615384615384615384615384615384615384615384615384615384615384615384615384615384634e-02
1.4925373134328358208955223880597014925373134328358208955223880597014925373134328358208955223880597014925373134328358208953739071862716742556482574545819e-02	1.4925373134328358208955223880597014925373134328358208955223880597014925373134328358208955223880597014925373134328358208955223880597014925373134328358355e-02
1.449275362318840579710144927536231884057971014492753623188405797101449275362318840579710144927536231884057971014492753623245083685803538951861425169825e-02	1.4492753623188405797101449275362318840579710144927536231884057971014492753623188405797101449275362318840579710144927536231884057971014492753623188405859e-02
1.4084507042253521126760563380281690140845070422535211267605633802816901408450704225352112676056338028169014084507042253520910214289168450971837570127747e-02	1.4084507042253521126760563380281690140845070422535211267605633802816901408450704225352112676056338028169014084507042253521126760563380281690140845070293e-02
1.3698630136986301369863013698630136986301369863013698630136986301369863013698630136986301369863013698630136986301369863013781177796531138481733980584032e-02	1.3698630136986301369863013698630136986301369863013698630136986301369863013698630136986301369863013698630136986301369863013698630136986301369863013698496e-02
1.3333333333333333333333333333333333333333333333333333333333333333333333333333333333333333333333333333333333333333333333333301688374677624270354869364237e-02	1.3333333333333333333333333333333333333333333333333333333333333333333333333333333333333333333333333333333333333333333333333333333333333333333333333333635e-02
1.2987012987012987012987012987012987012987012987012987012987012987012987012987012987012987012987012987012987012987012987012998972688562681586551106825146e-02	1.2987012987012987012987012987012987012987012987012987012987012987012987012987012987012987012987012987012987012987012987012987012987012987012987012987053e-02
1.2658227848101265822784810126582278481012658227848101265822784810126582278481012658227848101265822784810126582278481012658223164656068889078758449651502e-02	1.2658227848101265822784810126582278481012658227848101265822784810126582278481012658227848101265822784810126582278481012658227848101265822784810126582085e-02
1.2345679012345679012345679012345679012345679012345679012345679012345679012345679012345679012345679012345679012345679012345680688033027455122010276116166e-02	1.2345679012345679012345679012345679012345679012345679012345679012345679012345679012345679012345679012345679012345679012345679012345679012345679012345596e-02
1.204819277108433734939759036144578313253012048192771084337349397590361445783132530120481927710843373493975903614457831325301130235629617498947611500272e-02	1.2048192771084337349397590361445783132530120481927710843373493975903614457831325301204819277108433734939759036144578313253012048192771084337349397590641e-02
1.1764705882352941176470588235294117647058823529411764705882352941176470588235294117647058823529411764705882352941176470588235478257431533090002234235581e-02	1.1764705882352941176470588235294117647058823529411764705882352941176470588235294117647058823529411764705882352941176470588235294117647058823529411764648e-02
1.1494252873563218390804597701149425287356321839080459770114942528735632183908045977011494252873563218390804597701149425287356155600904256414032096248389e-02	1.1494252873563218390804597701149425287356321839080459770114942528735632183908045977011494252873563218390804597701149425287356321839080459770114942528869e-02
1.1235955056179775280898876404494382022471910112359550561797752808988764044943820224719101123595505617977528089887640449438202220502170457988290920847858e-02	1.1235955056179775280898876404494382022471910112359550561797752808988764044943820224719101123595505617977528089887640449438202247191011235955056179775171e-02
1.0989010989010989010989010989010989010989010989010989010989010989010989010989010989010989010989010989010989010989010989010988940455732943165565739227714e-02	1.0989010989010989010989010989010989010989010989010989010989010989010989010989010989010989010989010989010989010989010989010989010989010989010989010988763e-02
1.0752688172043010752688172043010752688172043010752688172043010752688172043010752688172043010752688172043010752688172043010752646029231078062735950256706e-02	1.0752688172043010752688172043010752688172043010752688172043010752688172043010752688172043010752688172043010752688172043010752688172043010752688172043313e-02
1.0526315789473684210526315789473684210526315789473684210526315789473684210526315789473684210526315789473684210526315789473684171049855216372972584753744e-02	1.0526315789473684210526315789473684210526315789473684210526315789473684210526315789473684210526315789473684210526315789473684210526315789473684210526296e-02
1.0309278350515463917525773195876288659793814432989690721649484536082474226804123711340206185567010309278350515463917525773195852064281887596459527946842e-02	1.0309278350515463917525773195876288659793814432989690721649484536082474226804123711340206185567010309278350515463917525773195876288659793814432989690703e-02
1.0101010101010101010101010101010101010101010101010101010101010101010101010101010101010101010101010101010101010101010101010100992059534351559003912804623e-02	1.0101010101010101010101010101010101010101010101010101010101010101010101010101010101010101010101010101010101010101010101010101010101010101010101010101109e-02
9.9009900990099009900990099009900990099009900990099009900990099009900990099009900990099009900990099009900990099009900990099009826418842236040841599350775e-03	9.9009900990099009900990099009900990099009900990099009900990099009900990099009900990099009900990099009900990099009900990099009900990099009900990099012926e-03
