2.4337031791591472e+16
-9.29232122951674e+15
3.547977196724574e+15
-1.3546822023857462e+15
5.1724229545637606e+14
-1.9749251281061619e+14
7.5406232164053531e+13
-2.8791470462638547e+13
1.0993106903916613e+13
-4.1973680905862734e+12
1.6026314527693643e+12
-6.1191382742097339e+11
2.3363982501533267e+11
-8.9207933187624222e+10
3.4061210853502304e+10
-1.3005189598567303e+10
4.9656178467657375e+09
-1.8959631778180454e+09
7.2391321338468432e+08
-2.7640322689452171e+08
1.0553577757411861e+08
-4.0295478679010205e+07
1.5385546434479145e+07
-5.8744813373547746e+06
2.2429838107594042e+06
-8.5641197411124269e+05
3.2699368823467381e+05
-1.2485211101520451e+05
4.7670829678595983e+04
-1.8201566641490208e+04
6.9497112211816193e+03
-2.6535046495077854e+03
1.0131771284844068e+03
-3.8682924888769725e+02
1.4771806761298168e+02
-5.6382358219911481e+01
2.1546383066366964e+01
-8.208712604916153
3.1518633615292257
-1.1862487092989082
4.6970502685973603e-01
-1.6296477101084395e-01
7.8221912390509907e-02
-1.4228537512741002e-02
2.0725761289520417e-02
7.0495998803168369e-03
1.1955474244584652e-02
9.7795631975554631e-03
1.031998341936613e-02
9.8349031976336931e-03
9.7523476067522541e-03
9.5264492605442452e-03
9.365053377687893e-03
9.1882812657904100e-03
9.0261449699795548e-03
8.866619667361908e-03
8.7141912293060564e-03
8.5666468963443432e-03
8.4229681327139261e-03
8.2883408696747818e-03
8.1507249586509900e-03
8.0224532439712171e-03
7.9252045623690037e-03
7.747268737921198e-03
7.5448718102408829e-03
7.9467728393227688e-03
7.7293626718770714e-03
4.847625423585411e-03
9.1133157786145169e-03
1.0774188358450454e-02
3.5430752338285743e-03
5.8639778062010706e-03
4.054672509703261e-03
1.0289864019067618e-02
5.8523293721242098e-03
1.0173872105025517e-02
4.6206495271283732e-03
1.0419263732372785e-02
3.3361750364404585e-03
9.7356726963868656e-03
3.3329505032209106e-03
4.4717674291960829e-03
4.0622923717434922e-03
2.6282421265499956e-04
1.4642924579801209e-02
5.7764237762865100e-03
1.7771363494663017e-03
7.0389520422478036e-03
5.8376249540388336e-03
5.1590837585369087e-03
5.4906379095243096e-03
5.3675971918365484e-03
5.2987580500380993e-03
5.2521419777327161e-03
5.1960392497940600e-03
5.1434502421221495e-03
5.0915772269162218e-03
5.0407540204970847e-03
4.9909110963972658e-03
4.9420197661715903e-03
4.8940518082862816e-03
4.8469811379965311e-03
4.8007832315593024e-03
4.7554348076355168e-03
4.710913609794698e-03
4.6671982571728776e-03
4.6242681402357544e-03
4.582103346557842e-03
4.5406846066431417e-03
4.4999932531730735e-03
4.4600111892740824e-03
4.4207208628526118e-03
4.3821052450303544e-03
4.3441478113566134e-03
4.3068325249193684e-03
4.2701438207681797e-03
4.2340665912632414e-03
4.1985861721003381e-03
4.1636883288473925e-03
4.1293592438933491e-03
4.095585503745891e-03
4.0623540866440155e-03
4.0296523504637083e-03
3.9974680209127200e-03
3.9657891800055634e-03
3.9346042548258353e-03
3.903902006572757e-03
3.8736715198974814e-03
3.8439021925316119e-03
3.8145837252054893e-03
3.7857061118624635e-03
3.7572596301622685e-03
3.7292348322770508e-03
3.7016225359731703e-03
3.6744138159785500e-03
3.6475999956275817e-03
3.6211726387833654e-03
3.5951235420255134e-03
3.5694447271044094e-03
3.5441284336485968e-03
3.5191671121248547e-03
3.4945534170385262e-03
3.470280200371878e-03
3.4463405052498342e-03
3.4227275598281981e-03
3.3994347713959261e-03
3.3764557206847901e-03
3.353784156380657e-03
3.3314139898268369e-03
3.3093392899157248e-03
3.2875542781598543e-03
3.266053323937701e-03
3.2448309399060182e-03
3.223881777575377e-03
3.2032006230398036e-03
3.1827823928567422e-03
3.1626221300722346e-03
3.1427150003837667e-03
3.1230562884370094e-03
3.1036413942533425e-03
3.0844658297781713e-03
3.0655252155509238e-03
3.0468152774891788e-03
3.0283318437822615e-03
3.0100708418927535e-03
2.9920282956588107e-03
2.9742003224964009e-03
2.9565831306943569e-03
2.9391730168029095e-03
2.9219663631077086e-03
2.9049596351902185e-03
2.8881493795678281e-03
2.8715322214138972e-03
2.8551048623510766e-03
2.8388640783192365e-03
2.8228067175124494e-03
2.8069296983821435e-03
2.7912300077077568e-03
2.7757046987268996e-03
2.7603508893274675e-03
2.7451657602979296e-03
2.7301465536311298e-03
2.7152905708853758e-03
2.7005951715943777e-03
2.6860577717293666e-03
2.6716758422076214e-03
2.6574469074489571e-03
2.6433685439766208e-03
2.6294383790612663e-03
2.6156540894057834e-03
2.6020133998734263e-03
2.5885140822503594e-03
2.5751539540497248e-03
2.561930877349905e-03
2.5488427576674244e-03
2.5358875428649341e-03
2.5230632220911708e-03
2.5103678247513361e-03
2.497799419509894e-03
2.4853561133211244e-03
2.4730360504889859e-03
2.4608374117511822e-03
2.4487584134844642e-03
2.4367973046142133e-03
2.424952401215652e-03
2.4132217054579908e-03
2.4016056249140938e-03
2.3900952042346102e-03
2.378688948811547e-03
2.3675156572040557e-03
2.3560380793643532e-03
2.3445665922450232e-03
2.3370462990774943e-03
2.3225082025744026e-03
2.299566134587705e-03
2.3153511104156976e-03
2.3147709350912482e-03
2.2566797686343065e-03
2.2566154982190945e-03
2.247215115656509e-03
2.2440527846629976e-03
2.2499281804515547e-03
2.2299214265788514e-03
2.2376438298357115e-03
2.2166562006482593e-03
2.2198141332525623e-03
2.2004707422997871e-03
2.1949063994304296e-03
2.1637668102256757e-03
2.1557758361390178e-03
2.1494457355584196e-03
2.1639253891727606e-03
2.1431982948894035e-03
2.1217714706633917e-03
2.1220436267079812e-03
2.113202652128443e-03
2.1026796052292518e-03
2.0941777639329473e-03
2.085622644999896e-03
2.0768834982944906e-03
2.0683055247596727e-03
2.0598091355026327e-03
2.0513636969625715e-03
2.043000492645719e-03
2.0347019137296751e-03
2.0264716911309044e-03
2.0183094650063627e-03
2.0102132992034782e-03
2.0021826856269076e-03
1.9942167921547238e-03
1.9863147699894501e-03
1.978475832918658e-03
1.9706992019592473e-03
1.9629841145276661e-03
1.9553298239147754e-03
1.9477355978310129e-03
1.9402007179629699e-03
1.9327244793201359e-03
1.9253061898190094e-03
1.9179451695461314e-03
1.9106407504647649e-03
1.9033922760851585e-03
1.8961991009671664e-03
1.8890605904553492e-03
1.8819761203539009e-03
1.874945076625778e-03
1.8679668551286888e-03
1.8610408613553009e-03
1.8541665101914351e-03
1.8473432256882472e-03
1.8405704408439583e-03
1.8338475973969093e-03
1.8271741456283852e-03
1.820549544172545e-03
1.8139732598356773e-03
1.807444767421007e-03
1.8009635495623844e-03
1.7945290965606375e-03
1.7881409062290299e-03
1.7817984837413814e-03
1.7755013414857412e-03
1.7692489989242777e-03
1.7630409824533899e-03
1.756876825273368e-03
1.7507560672564981e-03
1.7446782548222739e-03
1.7386429408148274e-03
1.7326496843832473e-03
1.7266980508654495e-03
1.7207876116749343e-03
1.7149179441899864e-03
1.7090886316466491e-03
1.7032992630321431e-03
1.6975494329827256e-03
1.6918387416828828e-03
1.6861667947669634e-03
1.6805332032236997e-03
1.6749375833005065e-03
1.6693795564128866e-03
1.6638587490533929e-03
